"x"
0
0
0
0
0
0
0
39.9928781318665
96.2157117652893
139.357002334595
166.476750907898
175.726806488037
166.476750907898
139.357002334595
96.2157117652893
39.9928781318665
0
0
0
0
0
0
0
0
0
0
0
0
0
0
0
33.6371901702881
80.452738494873
116.375582408905
138.957617206574
146.659930114746
138.957617206574
116.375582408905
80.452738494873
33.6371901702881
0
0
0
0
0
0
0
0
0
0
0
0
0
0
0
28.384694776535
67.466088514328
97.4542859458923
116.305657978058
122.735506629944
116.305657978058
97.4542859458923
67.466088514328
28.384694776535
0
0
0
0
0
0
0
0
0
0
0
0
0
0
0
34.3429610204697
81.0872534561157
116.955409526825
139.503066120148
147.19366394043
139.503066120148
116.955409526825
81.0872534561157
34.3429610204697
0
0
0
0
0
0
0
0
0
0
0
0
0
0
0
44.1096898937225
103.420569267273
148.931401977539
177.540710029602
187.298820381165
177.540710029602
148.931401977539
103.420569267273
44.1096898937225
0
0
0
0
0
0
0
0
0
0
0
0
0
0
0
36.7333336162567
85.4963017463684
122.913455677032
146.434850502014
154.457558860779
146.434850502014
122.913455677032
85.4963017463684
36.7333336162567
0
0
0
0
0
0
0
0
0
0
0
0
0
0
0
42.4501352500916
98.0500731277466
140.713407287598
167.532695236206
176.680261230469
167.532695236206
140.713407287598
98.0500731277466
42.4501352500916
0
0
0
0
0
0
0
0
0
0
0
0
0
0
0
47.0099891471863
107.725846633911
154.314728927612
183.601768760681
193.591008033752
183.601768760681
154.314728927612
107.725846633911
47.0099891471863
0
0
0
0
0
0
0
0
0
0
0
0
0
0
0
34.8912232112885
79.304424533844
113.38387670517
134.807111492157
142.114179649353
134.807111492157
113.38387670517
79.304424533844
34.8912232112885
0
0
0
0
0
0
0
0
0
0
0
0
0
0
0
36.6313670253754
82.5634504127502
117.808388214111
139.964260540009
147.521233139038
139.964260540009
117.808388214111
82.5634504127502
36.6313670253754
0
0
0
0
0
0
0
0
0
0
0
0
0
0
0
34.7628126859665
77.6812747001648
110.613763980865
131.315997867584
138.377145061493
131.315997867584
110.613763980865
77.6812747001648
34.7628126859665
0
0
0
0
0
0
0
0
0
0
0
0
0
0
0
33.3849889087677
73.9508734321594
105.078175754547
124.645615100861
131.319702415466
124.645615100861
105.078175754547
73.9508734321594
33.3849889087677
0
0
0
0
0
0
0
0
0
0
0
0
0
0
0
24.0628493642807
52.8280382537842
74.9003359794617
88.7755675315857
93.5081492424011
88.7755675315857
74.9003359794617
52.8280382537842
24.0628493642807
0
0
0
0
0
0
0
0
0
0
0
0
0
0
0
27.6904559659958
60.2445038890839
85.2241002845764
100.926929130554
106.282886009216
100.926929130554
85.2241002845764
60.2445038890839
27.6904559659958
0
0
0
0
0
0
0
0
0
0
0
0
0
0
0
16.1690135097504
34.8574290180206
49.1975595378876
58.2121409797669
61.2868416309357
58.2121409797669
49.1975595378876
34.8574290180206
16.1690135097504
0
0
0
0
0
0
0
0
0
0
0
0
0
0
0
25.1450872659683
53.7097685909271
75.628214263916
89.4067353248596
94.1063247680664
89.4067353248596
75.628214263916
53.7097685909271
25.1450872659683
0
0
0
0
0
0
0
0
0
0
0
0
0
0
0
7.31904092907906
15.4887114262581
21.7575157546997
25.6982547140121
27.042367105484
25.6982547140121
21.7575157546997
15.4887114262581
7.31904092907906
0
0
0
0
0
0
0
0
0
0
0
0
0
0
0
36.3878561973572
76.2886087608337
106.90550283432
126.152102184296
132.716761512756
126.152102184296
106.90550283432
76.2886087608337
36.3878561973572
0
0
0
0
0
0
0
0
0
0
0
0
0
0
0
23.2581540107727
48.3069121360779
67.527496843338
79.6100628089905
83.7312023544312
79.6100628089905
67.527496843338
48.3069121360779
23.2581540107727
0
0
0
0
0
0
0
0
0
0
0
0
0
0
0
31.6590901708603
65.1418028736115
90.8339712333679
106.984745292664
112.493495159149
106.984745292664
90.8339712333679
65.1418028736115
31.6590901708603
0
0
0
0
0
0
0
0
0
0
0
0
0
0
0
32.5314828681946
66.3125228118897
92.2336191558838
108.528304004669
114.086128234863
108.528304004669
92.2336191558838
66.3125228118897
32.5314828681946
0
0
0
0
0
0
0
0
0
0
0
0
0
0
0
37.3973062705994
75.5217324829102
104.775649299622
123.165417232513
129.437835674286
123.165417232513
104.775649299622
75.5217324829102
37.3973062705994
0
0
0
0
0
0
0
0
0
0
0
0
0
0
0
35.7422363090515
71.5103521537781
98.9561968231201
116.209374599457
122.094105567932
116.209374599457
98.9561968231201
71.5103521537781
35.7422363090515
0
0
0
0
0
0
0
0
0
0
0
0
0
0
0
54.0003402519226
107.043477630615
147.744900665283
173.330861816406
182.057782936096
173.330861816406
147.744900665283
107.043477630615
54.0003402519226
0
0
0
0
0
0
0
0
0
0
0
0
0
0
0
55.852505235672
109.700527553558
151.019564094543
176.993796730042
185.853122749329
176.993796730042
151.019564094543
109.700527553558
55.852505235672
0
0
0
0
0
0
0
0
0
0
0
0
0
0
0
69.4777582550049
135.221149196625
185.667860488892
217.379940948486
228.196366539001
217.379940948486
185.667860488892
135.221149196625
69.4777582550049
0
0
0
0
0
0
0
0
0
0
0
0
0
0
0
73.3558184432983
141.481852550507
193.756814880371
226.618229141235
237.826639480591
226.618229141235
193.756814880371
141.481852550507
73.3558184432983
0
0
0
0
0
0
0
0
0
0
0
0
0
0
0
28.5145805835724
54.5053049945831
74.4487036514282
86.9856345939636
91.261754989624
86.9856345939636
74.4487036514282
54.5053049945831
28.5145805835724
0
0
0
0
0
0
0
0
0
0
0
0
0
0
0
46.0016722297668
87.1550588226318
118.733165397644
138.583989582062
145.354735088348
138.583989582062
118.733165397644
87.1550588226318
46.0016722297668
0
0
0
0
0
0
0
0
0
0
0
0
0
0
0
65.7251471328735
123.436110725403
167.719282417297
195.556841621399
205.051728591919
195.556841621399
167.719282417297
123.436110725403
65.7251471328735
0
0
0
0
0
0
0
0
0
0
0
0
0
0
0
57.3265622711182
106.734605503082
144.646730613709
168.479281311035
176.608122787476
168.479281311035
144.646730613709
106.734605503082
57.3265622711182
0
0
0
0
0
0
0
0
0
0
0
0
0
0
1.11682830035687
75.5453805732727
139.458655128479
188.50102897644
219.33032875061
229.84564868927
219.33032875061
188.50102897644
139.458655128479
75.5453805732727
1.11682830035687
0
0
0
0
0
0
0
0
0
0
0
0
0
1.59160914957523
48.4836365032196
88.7507514190674
119.648790168762
139.072109527588
145.697044029236
139.072109527588
119.648790168762
88.7507514190674
48.4836365032196
1.59160914957523
0
0
0
0
0
0
0
0
0
0
0
0
0
2.66460175275803
52.8041983985901
95.8600664520264
128.897982807159
149.666488876343
156.750246887207
149.666488876343
128.897982807159
95.8600664520264
52.8041983985901
2.66460175275803
0
0
0
0
0
0
0
0
0
0
0
0
0
5.14784082651138
76.0527903175354
136.940268611908
183.660867195129
213.030697135925
223.048178138733
213.030697135925
183.660867195129
136.940268611908
76.0527903175354
5.14784082651138
0
0
0
0
0
0
0
0
0
0
0
0
0
6.5720504462719
77.7689722442627
138.907165622711
185.820174064636
215.310903015137
225.369648323059
215.310903015137
185.820174064636
138.907165622711
77.7689722442627
6.5720504462719
0
0
0
0
0
0
0
0
0
0
0
0
0
10.1980689954758
101.047470760345
179.061666641235
238.924039878845
276.555116195679
289.390372200012
276.555116195679
238.924039878845
179.061666641235
101.047470760345
10.1980689954758
0
0
0
0
0
0
0
0
0
0
0
0
0
8.30319765686989
71.0035133457184
124.845512504578
166.159920539856
192.131276702881
200.989609031677
192.131276702881
166.159920539856
124.845512504578
71.0035133457184
8.30319765686989
0
0
0
0
0
0
0
0
0
0
0
0
0
6.35409064769745
47.9325610351563
83.6368104743958
111.033641796112
128.256015167236
134.130242652893
128.256015167236
111.033641796112
83.6368104743958
47.9325610351563
6.35409064769745
0
0
0
0
0
0
0
0
0
0
0
0
0
9.89686419248581
66.9626143074036
115.966094760895
153.567804908752
177.205208740234
185.267490386963
177.205208740234
153.567804908752
115.966094760895
66.9626143074036
9.89686419248581
0
0
0
0
0
0
0
0
0
0
0
0
0
12.7111198735237
78.1513774681091
134.34622215271
177.466043777466
204.572299079895
213.817734870911
204.572299079895
177.466043777466
134.34622215271
78.1513774681091
12.7111198735237
0
0
0
0
0
0
0
0
0
0
0
0
0
14.0306275296211
79.2145739936829
135.189333667755
178.140271492004
205.140358810425
214.349585914612
205.140358810425
178.140271492004
135.189333667755
79.2145739936829
14.0306275296211
0
0
0
0
0
0
0
0
0
0
0
0
0
14.6975398516655
76.8592486000061
130.238732776642
171.198262557983
196.946474189758
205.728745613098
196.946474189758
171.198262557983
130.238732776642
76.8592486000061
14.6975398516655
0
0
0
0
0
0
0
0
0
0
0
0
0
18.2749629044533
89.1593935585022
150.029255638123
196.73633480072
226.097639923096
236.112227020264
226.097639923096
196.73633480072
150.029255638123
89.1593935585022
18.2749629044533
0
0
0
0
0
0
0
0
0
0
0
0
0
18.811410856247
86.1494004631043
143.973880119324
188.344165344238
216.236464691162
225.750005149841
216.236464691162
188.344165344238
143.973880119324
86.1494004631043
18.811410856247
0
0
0
0
0
0
0
0
0
0
0
0
0
16.8621453142166
72.8702132320404
120.965447502136
157.870223236084
181.069531593323
188.982393569946
181.069531593323
157.870223236084
120.965447502136
72.8702132320404
16.8621453142166
0
0
0
0
0
0
0
0
0
0
0
0
0
21.146084485054
86.627888584137
142.858410243988
186.005593223572
213.129072494507
222.380383262634
213.129072494507
186.005593223572
142.858410243988
86.627888584137
21.146084485054
0
0
0
0
0
0
0
0
0
0
0
0
0
22.2304928159714
86.6772070121765
142.018872528076
184.484043884277
211.178754425049
220.283818359375
211.178754425049
184.484043884277
142.018872528076
86.6772070121765
22.2304928159714
0
0
0
0
0
0
0
0
0
0
0
0
0
25.1436533880234
93.6366055297852
152.452849311829
197.584127120972
225.954862289429
235.631594619751
225.954862289429
197.584127120972
152.452849311829
93.6366055297852
25.1436533880234
0
0
0
0
0
0
0
0
0
0
0
0
0
21.5670148277283
76.9540327262878
124.515973358154
161.011488075256
183.953587493896
191.778673477173
183.953587493896
161.011488075256
124.515973358154
76.9540327262878
21.5670148277283
0
0
0
0
0
0
0
0
0
0
0
0
0
23.7270887565613
81.3444885444641
130.821689147949
168.786889533997
192.652789878845
200.793015213013
192.652789878845
168.786889533997
130.821689147949
81.3444885444641
23.7270887565613
0
0
0
0
0
0
0
0
0
0
0
0
0
13.8400928258896
45.7046328639984
73.067343120575
94.0634827613831
107.26221157074
111.764047889709
107.26221157074
94.0634827613831
73.067343120575
45.7046328639984
13.8400928258896
0
0
0
0
0
0
0
0
0
0
0
0
0
30.3669438695908
96.8163976669312
153.877853775024
197.662628669739
225.186913871765
234.574935531616
225.186913871765
197.662628669739
153.877853775024
96.8163976669312
30.3669438695908
0
0
0
0
0
0
0
0
0
0
0
0
0
27.2358469247818
84.0064371871948
132.756482982636
170.163691291809
193.678853759766
201.699435272217
193.678853759766
170.163691291809
132.756482982636
84.0064371871948
27.2358469247818
0
0
0
0
0
0
0
0
0
0
0
0
0
27.6348921060562
82.6172753143311
129.831738071442
166.060673522949
188.835135612488
196.603075675964
188.835135612488
166.060673522949
129.831738071442
82.6172753143311
27.6348921060562
0
0
0
0
0
0
0
0
0
0
0
0
0
22.0401335334778
63.9757942485809
99.986775894165
127.618972396851
144.989301052094
150.913988838196
144.989301052094
127.618972396851
99.986775894165
63.9757942485809
22.0401335334778
0
0
0
0
0
0
0
0
0
0
0
0
0
27.9405282020569
78.8696326446533
122.60345911026
156.161633453369
177.25714214325
184.452437553406
177.25714214325
156.161633453369
122.60345911026
78.8696326446533
27.9405282020569
0
0
0
0
0
0
0
0
0
0
0
0
0
29.0039273881912
79.7326702690125
123.294457530975
156.720575637817
177.733119888306
184.90010383606
177.733119888306
156.720575637817
123.294457530975
79.7326702690125
29.0039273881912
0
0
0
0
0
0
0
0
0
0
0
0
0
35.1245857572556
94.1621632003784
144.858909683228
183.759887580872
208.214070129395
216.554933776855
208.214070129395
183.759887580872
144.858909683228
94.1621632003784
35.1245857572556
0
0
0
0
0
0
0
0
0
0
0
0
0
39.7855236911774
104.139138240814
159.400855255127
201.804679298401
228.460827674866
237.552747001648
228.460827674866
201.804679298401
159.400855255127
104.139138240814
39.7855236911774
0
0
0
0
0
0
0
0
0
0
0
0
0
55.7592813777924
142.668571777344
217.299295120239
274.565486335754
310.564504470825
322.843102035522
310.564504470825
274.565486335754
217.299295120239
142.668571777344
55.7592813777924
0
0
0
0
0
0
0
0
0
0
0
0
0
36.1082042360306
90.4071463012695
137.034712791443
172.813323402405
195.30467086792
202.976066055298
195.30467086792
172.813323402405
137.034712791443
90.4071463012695
36.1082042360306
0
0
0
0
0
0
0
0
0
0
0
0
0
55.0411743831635
134.990011558533
203.643686599731
256.323438339233
289.439359397888
300.734569473267
289.439359397888
256.323438339233
203.643686599731
134.990011558533
55.0411743831635
0
0
0
0
0
0
0
0
0
0
0
0
0
43.4519931793213
104.482432155609
156.890496711731
197.104627876282
222.384253425598
231.006680145264
222.384253425598
197.104627876282
156.890496711731
104.482432155609
43.4519931793213
0
0
0
0
0
0
0
0
0
0
0
0
0
36.1732887840271
85.3527396202088
127.584114780426
159.989381523132
180.360158615112
187.30826915741
180.360158615112
159.989381523132
127.584114780426
85.3527396202088
36.1732887840271
0
0
0
0
0
0
0
0
0
0
0
0
0
61.7639176654816
143.123978385925
212.98948513031
266.599139404297
300.299577102661
311.794170303345
300.299577102661
266.599139404297
212.98948513031
143.123978385925
61.7639176654816
0
0
0
0
0
0
0
0
0
0
0
0
0
47.9441017913818
109.192063102722
161.786880455017
202.144294815063
227.514049835205
236.16719379425
227.514049835205
202.144294815063
161.786880455017
109.192063102722
47.9441017913818
0
0
0
0
0
0
0
0
0
0
0
0
0
54.0863860034943
121.152461795807
178.743441619873
222.934531326294
250.714229850769
260.18936504364
250.714229850769
222.934531326294
178.743441619873
121.152461795807
54.0863860034943
0
0
0
0
0
0
0
0
0
0
0
0
0
58.6227094841003
129.238051586151
189.876854476929
236.406620903015
265.656440925598
275.633023719788
265.656440925598
236.406620903015
189.876854476929
129.238051586151
58.6227094841003
0
0
0
0
0
0
0
0
0
0
0
0
0
57.6302000904083
125.120825786591
183.076385421753
227.547225151062
255.502772026062
265.037877311707
255.502772026062
227.547225151062
183.076385421753
125.120825786591
57.6302000904083
0
0
0
0
0
0
0
0
0
0
0
0
0
66.6749409103394
142.644888820648
207.88179397583
257.939824104309
289.407631034851
300.140691223145
289.407631034851
257.939824104309
207.88179397583
142.644888820648
66.6749409103394
0
0
0
0
0
0
0
0
0
0
0
0
0
71.1107360363007
149.998695297241
217.741365356445
269.722116851807
302.398600082397
313.543972091675
302.398600082397
269.722116851807
217.741365356445
149.998695297241
71.1107360363007
0
0
0
0
0
0
0
0
0
0
0
0
0
44.3497184467316
92.2854392433167
133.448780174255
165.034522476196
184.890149497986
191.66255115509
184.890149497986
165.034522476196
133.448780174255
92.2854392433167
44.3497184467316
0
0
0
0
0
0
0
0
0
0
0
0
0
45.0027474308014
92.4251660728455
133.147735538483
164.395265693665
184.038277816772
190.738140068054
184.038277816772
164.395265693665
133.147735538483
92.4251660728455
45.0027474308014
0
0
0
0
0
0
0
0
0
0
0
0
0
78.1849363136292
158.558868179321
227.577558860779
280.537461585999
313.82942276001
325.184724960327
313.82942276001
280.537461585999
227.577558860779
158.558868179321
78.1849363136292
0
0
0
0
0
0
0
0
0
0
0
0
0
88.9312021255493
178.169995040894
254.801104507446
313.602198867798
350.566160202026
363.173861083984
350.566160202026
313.602198867798
254.801104507446
178.169995040894
88.9312021255493
0
0
0
0
0
0
0
0
0
0
0
0
0
87.4893136405945
173.234770202637
246.866102409363
303.365408630371
338.882347412109
350.996515350342
338.882347412109
303.365408630371
246.866102409363
173.234770202637
87.4893136405945
0
0
0
0
0
0
0
0
0
0
0
0
0
93.9678531265259
183.965529212952
261.24829044342
320.549420318604
357.827701644898
370.542616500855
357.827701644898
320.549420318604
261.24829044342
183.965529212952
93.9678531265259
0
0
0
0
0
0
0
0
0
0
0
0
0
96.2550758552551
186.391737861633
263.793846549988
323.186605148315
360.522450790405
373.256995391846
360.522450790405
323.186605148315
263.793846549988
186.391737861633
96.2550758552551
0
0
0
0
0
0
0
0
0
0
0
0
1.66529601186514
98.2820562744141
188.314494094849
265.627135772705
324.951225128174
362.24390625
374.963702392578
362.24390625
324.951225128174
265.627135772705
188.314494094849
98.2820562744141
1.66529601186514
0
0
0
0
0
0
0
0
0
0
0
3.78450782418251
99.9605476951599
189.582286262512
266.542272415161
325.595729293823
362.718297576904
375.38011100769
362.718297576904
325.595729293823
266.542272415161
189.582286262512
99.9605476951599
3.78450782418251
0
0
0
0
0
0
0
0
0
0
0
5.86828005194664
101.376791992188
190.376489028931
266.802305526733
325.445908660889
362.310814743042
374.884730148315
362.310814743042
325.445908660889
266.802305526733
190.376489028931
101.376791992188
5.86828005194664
0
0
0
0
0
0
0
0
0
0
0
7.43279451966286
96.4367120170593
179.375097541809
250.595963249207
305.24561050415
339.599861679077
351.317425079346
339.599861679077
305.24561050415
250.595963249207
179.375097541809
96.4367120170593
7.43279451966286
0
0
0
0
0
0
0
0
0
0
0
8.42413098812103
88.2347819900513
162.606413612366
226.470814285278
275.475706825256
306.281454391479
316.788702774048
306.281454391479
275.475706825256
226.470814285278
162.606413612366
88.2347819900513
8.42413098812103
0
0
0
0
0
0
0
0
0
0
0
10.6718251013756
94.3326770019531
172.292141456604
239.237470779419
290.606422729492
322.898295440674
333.912465438843
322.898295440674
290.606422729492
239.237470779419
172.292141456604
94.3326770019531
10.6718251013756
0
0
0
0
0
0
0
0
0
0
0
14.0340335345268
107.884959144592
195.340060195923
270.439491653442
328.065276794434
364.290385665894
376.646107559204
364.290385665894
328.065276794434
270.439491653442
195.340060195923
107.884959144592
14.0340335345268
0
0
0
0
0
0
0
0
0
0
0
16.4050509572029
112.076833763123
201.228687477112
277.785165557861
336.529009399414
373.456918945313
386.052346878052
373.456918945313
336.529009399414
277.785165557861
201.228687477112
112.076833763123
16.4050509572029
0
0
0
0
0
0
0
0
0
0
0
13.3560925555229
82.4271143341064
146.791010093689
202.061591873169
244.472179985046
271.132582054138
280.22594833374
271.132582054138
244.472179985046
202.061591873169
146.791010093689
82.4271143341064
13.3560925555229
0
0
0
0
0
0
0
0
0
0
0
14.0749611616135
79.4735611152649
140.415308856964
192.74720790863
232.902868232727
258.145796966553
266.755671806335
258.145796966553
232.902868232727
192.74720790863
140.415308856964
79.4735611152649
14.0749611616135
0
0
0
0
0
0
0
0
0
0
0
22.2772485685349
116.265927791595
203.849380531311
279.059024467468
336.769412765503
373.0476927948
385.421510314941
373.0476927948
336.769412765503
279.059024467468
203.849380531311
116.265927791595
22.2772485685349
0
0
0
0
0
0
0
0
0
0
0
19.405685710907
94.3973801994324
164.278463478088
224.286752319336
270.332713508606
299.278411941528
309.15126739502
299.278411941528
270.332713508606
224.286752319336
164.278463478088
94.3973801994324
19.405685710907
0
0
0
0
0
0
0
0
0
0
0
23.9540010309219
109.361705245972
188.948974189758
257.292129669189
309.733674621582
342.699827346802
353.94397567749
342.699827346802
309.733674621582
257.292129669189
188.948974189758
109.361705245972
23.9540010309219
0
0
0
0
0
0
0
0
0
0
0
22.1811155509949
95.6034153747559
164.022073898315
222.774547157288
267.856890068054
296.196820831299
305.863058395386
296.196820831299
267.856890068054
222.774547157288
164.022073898315
95.6034153747559
22.1811155509949
0
0
0
0
0
0
0
0
0
0
0
30.8644319629669
126.219943351746
215.077089385986
291.380472755432
349.930128555298
386.735971069336
399.289768600464
386.735971069336
349.930128555298
291.380472755432
215.077089385986
126.219943351746
30.8644319629669
0
0
0
0
0
0
0
0
0
0
0
33.1120814037323
129.037439422607
218.425582275391
295.184999847412
354.084521865845
391.110301208496
403.739131088257
391.110301208496
354.084521865845
295.184999847412
218.425582275391
129.037439422607
33.1120814037323
0
0
0
0
0
0
0
0
0
0
0
33.5256331586838
124.969767398834
210.182100296021
283.355602684021
339.503595733643
374.799691162109
386.838547821045
374.799691162109
339.503595733643
283.355602684021
210.182100296021
124.969767398834
33.5256331586838
0
0
0
0
0
0
0
0
0
0
0
25.2653368902206
90.3839689064026
151.064838027954
203.172694740295
243.156464042664
268.291289710999
276.864328269958
268.291289710999
243.156464042664
203.172694740295
151.064838027954
90.3839689064026
25.2653368902206
0
0
0
0
0
0
0
0
0
0
0
26.5310937356949
91.3553449440003
151.761903190613
203.63422039032
243.437225189209
268.458438911438
276.99272354126
268.458438911438
243.437225189209
203.63422039032
151.761903190613
91.3553449440003
26.5310937356949
0
0
0
0
0
0
0
0
0
0
0
31.0658961725235
103.231001014709
170.47813331604
228.224573402405
272.534975700378
300.38963684082
309.890363922119
300.38963684082
272.534975700378
228.224573402405
170.47813331604
103.231001014709
31.0658961725235
0
0
0
0
0
0
0
0
0
0
0
36.0476457738876
115.868765392303
190.25018573761
254.122971763611
303.134279708862
333.944054336548
344.45273223877
333.944054336548
303.134279708862
254.122971763611
190.25018573761
115.868765392303
36.0476457738876
0
0
0
0
0
0
0
0
0
0
0
35.8432506132126
111.679889278412
182.348358955383
243.032740859985
289.597530517578
318.869386062622
328.853465118408
318.869386062622
289.597530517578
243.032740859985
182.348358955383
111.679889278412
35.8432506132126
0
0
0
0
0
0
0
0
0
0
0
25.5385865211487
77.280451335907
125.496170578003
166.899958457947
198.670195960999
218.641805839539
225.45376335144
218.641805839539
198.670195960999
166.899958457947
125.496170578003
77.280451335907
25.5385865211487
0
0
0
0
0
0
0
0
0
0
0
48.1201593399048
141.663044166565
228.831090698242
303.684017181396
361.120687332153
397.226867141724
409.542039489746
397.226867141724
361.120687332153
303.684017181396
228.831090698242
141.663044166565
48.1201593399048
0
0
0
0
0
0
0
0
0
0
0
42.8898432922363
123.034110622406
197.716636619568
261.848008804321
311.057723617554
341.992249984741
352.543464813232
341.992249984741
311.057723617554
261.848008804321
197.716636619568
123.034110622406
42.8898432922363
0
0
0
0
0
0
0
0
0
0
0
44.2805392837524
123.951679191589
198.193311691284
261.946087799072
310.865296325684
341.617227706909
352.106101531982
341.617227706909
310.865296325684
261.946087799072
198.193311691284
123.951679191589
44.2805392837524
0
0
0
0
0
0
0
0
0
0
0
51.7116662120819
141.439908351898
225.053271217346
296.853702545166
351.948122177124
386.581931610107
398.394889297485
386.581931610107
351.948122177124
296.853702545166
225.053271217346
141.439908351898
51.7116662120819
0
0
0
0
0
0
0
0
0
0
0
51.1181627750397
136.783126049042
216.61010974884
285.159098625183
337.758605499268
370.824057540894
382.102061080933
370.824057540894
337.758605499268
285.159098625183
216.61010974884
136.783126049042
51.1181627750397
0
0
0
0
0
0
0
0
0
0
0
41.8334762096405
109.633819541931
172.813654632568
227.067412109375
268.697796287537
294.867751083374
303.793811264038
294.867751083374
268.697796287537
227.067412109375
172.813654632568
109.633819541931
41.8334762096405
0
0
0
0
0
0
0
0
0
0
0
51.014522600174
131.078401241302
205.685999488831
269.753043289185
318.913387374878
349.816882705688
360.357498168945
349.816882705688
318.913387374878
269.753043289185
205.685999488831
131.078401241302
51.014522600174
0
0
0
0
0
0
0
0
0
0
0
44.2804869842529
111.657295894623
174.442470245361
228.357326965332
269.727643165588
295.734144592285
304.60445350647
295.734144592285
269.727643165588
228.357326965332
174.442470245361
111.657295894623
44.2804869842529
0
0
0
0
0
0
0
0
0
0
0
49.4070408248901
122.375049762726
190.370369987488
248.759274559021
293.562669372559
321.727274780273
331.333681716919
321.727274780273
293.562669372559
248.759274559021
190.370369987488
122.375049762726
49.4070408248901
0
0
0
0
0
0
0
0
0
0
0
53.6229775714874
130.571819572449
202.276699714661
263.851114501953
311.098761291504
340.799925994873
350.930443649292
340.799925994873
311.098761291504
263.851114501953
202.276699714661
130.571819572449
53.6229775714874
0
0
0
0
0
0
0
0
0
0
0
67.2961805152893
161.222324790955
248.747542037964
323.907152786255
381.579135818481
417.833253479004
430.198877410889
417.833253479004
381.579135818481
323.907152786255
248.747542037964
161.222324790955
67.2961805152893
0
0
0
0
0
0
0
0
0
0
0
69.5185736560822
163.980304031372
252.004563102722
327.592733383179
385.593610534668
422.054485549927
434.49057434082
422.054485549927
385.593610534668
327.592733383179
252.004563102722
163.980304031372
69.5185736560822
0
0
0
0
0
0
0
0
0
0
0
60.5223275470734
140.65744682312
215.331456718445
279.455506973267
328.659608306885
359.590613174438
370.140607681274
359.590613174438
328.659608306885
279.455506973267
215.331456718445
140.65744682312
60.5223275470734
0
0
0
0
0
0
0
0
0
0
0
66.7974437713623
153.05431098938
233.432888793945
302.455536804199
355.418472900391
388.712404022217
400.068333816528
388.712404022217
355.418472900391
302.455536804199
233.432888793945
153.05431098938
66.7974437713623
0
0
0
0
0
0
0
0
0
0
0
64.0823719120026
144.853418235779
220.119998893738
284.752923278809
334.347492675781
365.52395652771
376.157665100098
365.52395652771
334.347492675781
284.752923278809
220.119998893738
144.853418235779
64.0823719120026
0
0
0
0
0
0
0
0
0
0
0
72.6853214263916
162.178098144531
245.572038459778
317.184086990356
372.133915939331
406.676863708496
418.458790359497
406.676863708496
372.133915939331
317.184086990356
245.572038459778
162.178098144531
72.6853214263916
0
0
0
0
0
0
0
0
0
0
0
76.3710676383972
168.293234558105
253.95099357605
327.507031936646
383.948547210693
419.429155273438
431.530945663452
419.429155273438
383.948547210693
327.507031936646
253.95099357605
168.293234558105
76.3710676383972
0
0
0
0
0
0
0
0
0
0
0
78.4075752830505
170.731105995178
256.76291103363
330.640120620728
387.328071136475
422.963625183105
435.118238067627
422.963625183105
387.328071136475
330.640120620728
256.76291103363
170.731105995178
78.4075752830505
0
0
0
0
0
0
0
0
0
0
0
81.3308906745911
175.081221466064
262.442584381104
337.461509475708
395.025546340942
431.211814117432
443.554286804199
431.211814117432
395.025546340942
337.461509475708
262.442584381104
175.081221466064
81.3308906745911
0
0
0
0
0
0
0
0
0
0
0
83.4532566642761
177.688212051392
265.501198577881
340.907907028198
398.769528045654
435.142853698731
447.549131774902
435.142853698731
398.769528045654
340.907907028198
265.501198577881
177.688212051392
83.4532566642761
0
0
0
0
0
0
0
0
0
0
0
84.4860410308838
178.001503486633
265.143992996216
339.974988555908
397.394818267822
433.490433578491
445.801944961548
433.490433578491
397.394818267822
339.974988555908
265.143992996216
178.001503486633
84.4860410308838
0
0
0
0
0
0
0
0
0
0
0
86.431625995636
180.267501335144
267.708568687439
342.795953826904
400.412534255981
436.631820449829
448.985554962158
436.631820449829
400.412534255981
342.795953826904
267.708568687439
180.267501335144
86.431625995636
0
0
0
0
0
0
0
0
0
0
0
87.8512697601318
181.456722221375
268.683065261841
343.586024932861
401.061117782593
437.191425094605
449.51486076355
437.191425094605
401.061117782593
343.586024932861
268.683065261841
181.456722221375
87.8512697601318
0
0
0
0
0
0
0
0
0
0
0
89.0195359802246
182.161597442627
268.956138381958
343.488329467773
400.678878173828
436.630356063843
448.892740783691
436.630356063843
400.678878173828
343.488329467773
268.956138381958
182.161597442627
89.0195359802246
0
0
0
0
0
0
0
0
0
0
0
81.742269821167
165.776756973267
244.084379196167
311.32870475769
362.927077178955
395.363157043457
406.4265234375
395.363157043457
362.927077178955
311.32870475769
244.084379196167
165.776756973267
81.742269821167
0
0
0
0
0
0
0
0
0
0
0
92.5326938438416
186.049978065491
273.194158592224
348.026601104736
405.447546539307
441.543859176636
453.855649490356
441.543859176636
405.447546539307
348.026601104736
273.194158592224
186.049978065491
92.5326938438416
0
0
0
0
0
0
0
0
0
0
0.448664093092084
75.4859770584107
150.52332901001
220.446957931519
280.491786689758
326.565780410767
355.529103775024
365.407956237793
355.529103775024
326.565780410767
280.491786689758
220.446957931519
150.52332901001
75.4859770584107
0.448664093092084
0
0
0
0
0
0
0
0
0
1.76041300266981
80.9248112106323
160.089256134033
233.85871131897
297.20602684021
345.814123077393
376.370454330444
386.792628860474
376.370454330444
345.814123077393
297.20602684021
233.85871131897
160.089256134033
80.9248112106323
1.76041300266981
0
0
0
0
0
0
0
0
0
3.56783072531223
96.8665790367127
190.165355949402
277.105951957703
351.763539810181
409.05035446167
445.06229057312
457.345316162109
445.06229057312
409.05035446167
351.763539810181
277.105951957703
190.165355949402
96.8665790367127
3.56783072531223
0
0
0
0
0
0
0
0
0
4.93441147208214
96.3430523300171
187.751751480103
272.931039810181
346.076178436279
402.202397460938
437.484825286865
449.519009857178
437.484825286865
402.202397460938
346.076178436279
272.931039810181
187.751751480103
96.3430523300171
4.93441147208214
0
0
0
0
0
0
0
0
0
6.23854906797409
96.0613410758972
185.884188652039
269.585702323914
341.461828460693
396.614335403442
431.284649887085
443.110054855347
431.284649887085
396.614335403442
341.461828460693
269.585702323914
185.884188652039
96.0613410758972
6.23854906797409
0
0
0
0
0
0
0
0
0
6.75261991620064
86.524135093689
166.295672607422
240.63088634491
304.463977050781
353.444864120483
384.235497131348
394.737655029297
384.235497131348
353.444864120483
304.463977050781
240.63088634491
166.295672607422
86.524135093689
6.75261991620064
0
0
0
0
0
0
0
0
0
8.57999330282211
94.7568608093262
180.933779525757
261.237830543518
330.196481399536
383.110360565186
416.373400115967
427.71880027771
416.373400115967
383.110360565186
330.196481399536
261.237830543518
180.933779525757
94.7568608093262
8.57999330282211
0
0
0
0
0
0
0
0
0
10.3948665642738
101.429954433441
192.465069541931
277.296252403259
350.142499389648
406.039367675781
441.177588348389
453.162576522827
441.177588348389
406.039367675781
350.142499389648
277.296252403259
192.465069541931
101.429954433441
10.3948665642738
0
0
0
0
0
0
0
0
0
11.3353118062019
99.5403386497498
187.745423240662
269.939421272278
340.521030197144
394.680160446167
428.726053771973
440.33846031189
428.726053771973
394.680160446167
340.521030197144
269.939421272278
187.745423240662
99.5403386497498
11.3353118062019
0
0
0
0
0
0
0
0
0
11.7346925759316
94.0646246337891
176.394601364136
253.113870353699
318.994242401123
369.545997238159
401.324184265137
412.163116073608
401.324184265137
369.545997238159
318.994242401123
253.113870353699
176.394601364136
94.0646246337891
11.7346925759316
0
0
0
0
0
0
0
0
0
10.6289351534843
78.6570177459717
146.685138473511
210.077222366333
264.513261032104
306.283476638794
332.541346893311
341.497392120361
332.541346893311
306.283476638794
264.513261032104
210.077222366333
146.685138473511
78.6570177459717
10.6289351534843
0
0
0
0
0
0
0
0
0
12.0533654117584
83.1077225875855
154.162118988037
220.374226760864
277.23187171936
320.860288543701
348.286250686646
357.64074836731
348.286250686646
320.860288543701
277.23187171936
220.374226760864
154.162118988037
83.1077225875855
12.0533654117584
0
0
0
0
0
0
0
0
0
13.0256185555458
84.3193102264404
155.613029136658
222.048176841736
279.097325134277
322.872703552246
350.391061477661
359.777043457031
350.391061477661
322.872703552246
279.097325134277
222.048176841736
155.613029136658
84.3193102264404
13.0256185555458
0
0
0
0
0
0
0
0
0
13.1416907572746
80.3832586097717
147.624855880737
210.284032020569
264.090698509216
305.377997970581
331.332287063599
340.184814147949
331.332287063599
305.377997970581
264.090698509216
210.284032020569
147.624855880737
80.3832586097717
13.1416907572746
0
0
0
0
0
0
0
0
0
10.9836260008812
63.8309246349335
116.678239612579
165.924084663391
208.21244884491
240.661464118958
261.059750747681
268.017240333557
261.059750747681
240.661464118958
208.21244884491
165.924084663391
116.678239612579
63.8309246349335
10.9836260008812
0
0
0
0
0
0
0
0
0
15.6620842671394
86.889229183197
158.116414413452
224.489534912109
281.485442314148
325.219939956665
352.712601394653
362.089831924438
352.712601394653
325.219939956665
281.485442314148
224.489534912109
158.116414413452
86.889229183197
15.6620842671394
0
0
0
0
0
0
0
0
0
16.8860919475555
89.7999926948547
162.713923950195
230.658871040344
289.004523925781
333.774743423462
361.918429031372
371.517758102417
361.918429031372
333.774743423462
289.004523925781
230.658871040344
162.713923950195
89.7999926948547
16.8860919475555
0
0
0
0
0
0
0
0
0
21.9374303913116
112.240792694092
202.544194221497
286.693513641357
358.954197998047
414.401778717041
449.257582092285
461.146234588623
449.257582092285
414.401778717041
358.954197998047
286.693513641357
202.544194221497
112.240792694092
21.9374303913116
0
0
0
0
0
0
0
0
0
20.6124509000778
101.793540554047
182.974662895203
258.623395996094
323.584464874268
373.430838928223
404.765561065674
415.453242721558
404.765561065674
373.430838928223
323.584464874268
258.623395996094
182.974662895203
101.793540554047
20.6124509000778
0
0
0
0
0
0
0
0
0
20.2092326545715
96.6112964630127
173.013386421204
244.208782272339
305.34564201355
352.257630615234
381.747749404907
391.806268081665
381.747749404907
352.257630615234
305.34564201355
244.208782272339
173.013386421204
96.6112964630127
20.2092326545715
0
0
0
0
0
0
0
0
0
23.3156660270691
108.180486183167
193.045332489014
272.126743240356
340.03551651001
392.143774185181
424.900380249023
436.073052597046
424.900380249023
392.143774185181
340.03551651001
272.126743240356
193.045332489014
108.180486183167
23.3156660270691
0
0
0
0
0
0
0
0
0
24.8961765146256
112.379351501465
199.8625548172
281.383911552429
351.387855072022
405.103834228516
438.871075820923
450.388471603394
438.871075820923
405.103834228516
351.387855072022
281.383911552429
199.8625548172
112.379351501465
24.8961765146256
0
0
0
0
0
0
0
0
0
23.7438986873627
104.49554189682
185.247233047485
260.495770378113
325.113179244995
374.695859222412
405.864861679077
416.495990142822
405.864861679077
374.695859222412
325.113179244995
260.495770378113
185.247233047485
104.49554189682
23.7438986873627
0
0
0
0
0
0
0
0
0
25.4879257392883
109.580308437347
193.672717285156
272.034330024719
339.32504524231
390.958981323242
423.417410507202
434.488412628174
423.417410507202
390.958981323242
339.32504524231
272.034330024719
193.672717285156
109.580308437347
25.4879257392883
0
0
0
0
0
0
0
0
0
25.7197062253952
108.220416851044
190.721160163879
267.59955909729
333.616589736939
384.273222503662
416.117306900024
426.978727493286
416.117306900024
384.273222503662
333.616589736939
267.59955909729
190.721160163879
108.220416851044
25.7197062253952
0
0
0
0
0
0
0
0
0
26.6994262123108
110.134613399506
193.569844169617
271.319047203064
338.083838653564
389.314231796265
421.519043273926
432.503472290039
421.519043273926
389.314231796265
338.083838653564
271.319047203064
193.569844169617
110.134613399506
26.6994262123108
0
0
0
0
0
0
0
0
0
28.0858641529083
113.754985237122
199.424145545959
279.255042991638
347.807396469116
400.40950088501
433.476556777954
444.755118179321
433.476556777954
400.40950088501
347.807396469116
279.255042991638
199.424145545959
113.754985237122
28.0858641529083
0
0
0
0
0
0
0
0
0
28.9433776426315
115.27359708786
201.603849220276
282.05079990387
351.132180252075
404.140198516846
437.462441101074
448.828028869629
437.462441101074
404.140198516846
351.132180252075
282.05079990387
201.603849220276
115.27359708786
28.9433776426315
0
0
0
0
0
0
0
0
0
24.6228920173645
96.5640089988709
168.505169563293
235.543609428406
293.11083656311
337.283726043701
365.051970977783
374.523201141357
365.051970977783
337.283726043701
293.11083656311
235.543609428406
168.505169563293
96.5640089988709
24.6228920173645
0
0
0
0
0
0
0
0
0
20.4963481903076
79.252116317749
138.00791059494
192.759568023682
239.775911560059
275.852786216736
298.5316796875
306.267019729614
298.5316796875
275.852786216736
239.775911560059
192.759568023682
138.00791059494
79.252116317749
20.4963481903076
0
0
0
0
0
0
0
0
0
20.2653238677979
77.3532696723938
134.441241626739
187.638732261658
233.320462303162
268.373295326233
290.408434257507
297.924203567505
290.408434257507
268.373295326233
233.320462303162
187.638732261658
134.441241626739
77.3532696723938
20.2653238677979
0
0
0
0
0
0
0
0
0
20.260684466362
76.4319268226624
132.603184432983
184.946458625793
229.894653320313
264.384604263306
286.06590221405
293.460999145508
286.06590221405
264.384604263306
229.894653320313
184.946458625793
132.603184432983
76.4319268226624
20.260684466362
0
0
0
0
0
0
0
0
0
20.3974302244186
76.1330961990356
131.868786144257
183.806155204773
228.405791168213
262.628317337036
284.141489830017
291.47921421051
284.141489830017
262.628317337036
228.405791168213
183.806155204773
131.868786144257
76.1330961990356
20.3974302244186
0
0
0
0
0
0
0
0
0
23.0821770906448
85.3321772003174
147.582214355469
205.589960174561
255.402374420166
293.624766311646
317.652376708984
325.847778015137
317.652376708984
293.624766311646
255.402374420166
205.589960174561
147.582214355469
85.3321772003174
23.0821770906448
0
0
0
0
0
0
0
0
0
27.6620355463028
101.391244087219
175.120463523865
243.825148010254
302.823202285767
348.094032592773
376.552421722412
386.259069366455
376.552421722412
348.094032592773
302.823202285767
243.825148010254
175.120463523865
101.391244087219
27.6620355463028
0
0
0
0
0
0
0
0
0
30.6018013095856
111.319223213196
192.036684341431
267.253336410522
331.843357772827
381.405048217773
412.560801467896
423.187432174683
412.560801467896
381.405048217773
331.843357772827
267.253336410522
192.036684341431
111.319223213196
30.6018013095856
0
0
0
0
0
0
0
0
0
29.5215050268173
106.679586429596
183.837691802979
255.737579345703
317.479404830933
364.855603790283
394.637518920898
404.795580978394
394.637518920898
364.855603790283
317.479404830933
255.737579345703
183.837691802979
106.679586429596
29.5215050268173
0
0
0
0
0
0
0
0
0
30.7820101308823
110.601264400482
190.420560073853
264.800263252258
328.671567459106
377.681777114868
408.490854415894
418.999253387451
408.490854415894
377.681777114868
328.671567459106
264.800263252258
190.420560073853
110.601264400482
30.7820101308823
0
0
0
0
0
0
0
0
0
34.4584230613709
123.21681892395
211.975258369446
294.684912033081
365.709340820313
420.208243484497
454.467727966309
466.153005142212
454.467727966309
420.208243484497
365.709340820313
294.684912033081
211.975258369446
123.21681892395
34.4584230613709
0
0
0
0
0
0
0
0
0
34.2937319374085
122.147093677521
210.000499000549
291.866805801392
362.166991119385
416.110229034424
450.020352859497
461.586526641846
450.020352859497
416.110229034424
362.166991119385
291.866805801392
210.000499000549
122.147093677521
34.2937319374085
0
0
0
0
0
0
0
0
0
28.3371349191666
100.622240962982
172.90739276886
240.26637626648
298.108890533447
342.492965393066
370.394051055908
379.910537719727
370.394051055908
342.492965393066
298.108890533447
240.26637626648
172.90739276886
100.622240962982
28.3371349191666
0
0
0
0
0
0
0
0
0
29.3449942159653
103.97111738205
178.597281951904
248.137729873657
307.853542480469
353.675051651001
382.479663467407
392.304403381348
382.479663467407
353.675051651001
307.853542480469
248.137729873657
178.597281951904
103.97111738205
29.3449942159653
0
0
0
0
0
0
0
0
0
29.7141219043732
105.13535654068
180.556630401611
250.838022766113
311.190041351318
357.499783782959
386.6112890625
396.54069770813
386.6112890625
357.499783782959
311.190041351318
250.838022766113
180.556630401611
105.13535654068
29.7141219043732
0
0
0
0
0
0
0
0
0
33.6567218542099
119.022712860107
204.388727836609
283.937155685425
352.246996383667
404.662949447632
437.612959060669
448.851633377075
437.612959060669
404.662949447632
352.246996383667
283.937155685425
204.388727836609
119.022712860107
33.6567218542099
0
0
0
0
0
0
0
0
0
30.1312888622284
106.588689899445
183.046138877869
254.293084602356
315.474242019653
362.420225296021
391.931647415161
401.997488021851
391.931647415161
362.420225296021
315.474242019653
254.293084602356
183.046138877869
106.588689899445
30.1312888622284
0
0
0
0
0
0
0
0
0
27.3114284181595
96.7246294784546
166.137867584229
230.820650825501
286.365072784424
328.985782852173
355.778293457031
364.916724472046
355.778293457031
328.985782852173
286.365072784424
230.820650825501
166.137867584229
96.7246294784546
27.3114284181595
0
0
0
0
0
0
0
0
0
23.7484356689453
84.2738793945312
144.799349269867
201.200079650879
249.632501869202
286.796003227234
310.157963027954
318.126279907227
310.157963027954
286.796003227234
249.632501869202
201.200079650879
144.799349269867
84.2738793945312
23.7484356689453
0
0
0
0
0
0
0
0
0
26.4468327045441
94.1165231704712
161.786252861023
224.844334716797
278.993580360413
320.543771972656
346.663292617798
355.572198562622
346.663292617798
320.543771972656
278.993580360413
224.844334716797
161.786252861023
94.1165231704712
26.4468327045441
0
0
0
0
0
0
0
0
0
23.218835682869
82.9354916191101
142.65218460083
198.299235610962
246.084451522827
282.751351699829
305.801135787964
313.663005752563
305.801135787964
282.751351699829
246.084451522827
198.299235610962
142.65218460083
82.9354916191101
23.218835682869
0
0
0
0
0
0
0
0
0
25.2971807479858
90.7736176109314
156.25008934021
217.264411354065
269.658607826233
309.86208732605
335.135053405762
343.755161514282
335.135053405762
309.86208732605
269.658607826233
217.264411354065
156.25008934021
90.7736176109314
25.2971807479858
0
0
0
0
0
0
0
0
0
25.73195520401
92.8400405693054
159.948169517517
222.482942581177
276.182813491821
317.388124771118
343.29088142395
352.125835876465
343.29088142395
317.388124771118
276.182813491821
222.482942581177
159.948169517517
92.8400405693054
25.73195520401
0
0
0
0
0
0
0
0
0
26.7357046318054
97.079115486145
167.422552490234
232.97216506958
289.260948371887
332.452786407471
359.604350509644
368.865232086182
359.604350509644
332.452786407471
289.260948371887
232.97216506958
167.422552490234
97.079115486145
26.7357046318054
0
0
0
0
0
0
0
0
0
26.3558882331848
96.4031618881226
166.450479125977
231.724159545898
287.775938949585
330.785966491699
357.823238754272
367.045139770508
357.823238754272
330.785966491699
287.775938949585
231.724159545898
166.450479125977
96.4031618881226
26.3558882331848
0
0
0
0
0
0
0
0
0
29.1367528629303
107.462021808624
185.787329978943
258.774837913513
321.450680160522
369.543521728516
399.775944747925
410.087662734985
399.775944747925
369.543521728516
321.450680160522
258.774837913513
185.787329978943
107.462021808624
29.1367528629303
0
0
0
0
0
0
0
0
0
27.8328282785416
103.611314258575
179.389846000671
250.004124679565
310.642012329102
357.171133728027
386.420535354614
396.396978683472
386.420535354614
357.171133728027
310.642012329102
250.004124679565
179.389846000671
103.611314258575
27.8328282785416
0
0
0
0
0
0
0
0
0
32.0349557781219
120.493322486877
208.951719703674
291.381797676086
362.166154327393
416.480858154297
450.624516677856
462.270290298462
450.624516677856
416.480858154297
362.166154327393
291.381797676086
208.951719703674
120.493322486877
32.0349557781219
0
0
0
0
0
0
0
0
0
28.2123657464981
107.334716110229
186.457094802856
260.187395095825
323.50102973938
372.083324890137
402.623408432007
413.040074081421
402.623408432007
372.083324890137
323.50102973938
260.187395095825
186.457094802856
107.334716110229
28.2123657464981
0
0
0
0
0
0
0
0
0
27.622566857338
106.419631767273
185.216725006104
258.643897399902
321.697254867554
370.079800796509
400.494330673218
410.868180465698
400.494330673218
370.079800796509
321.697254867554
258.643897399902
185.216725006104
106.419631767273
27.622566857338
0
0
0
0
0
0
0
0
0
27.0684384059906
105.730158748627
184.391909599304
257.692953033447
320.638015670776
368.937440261841
399.299775238037
409.655773468018
399.299775238037
368.937440261841
320.638015670776
257.692953033447
184.391909599304
105.730158748627
27.0684384059906
0
0
0
0
0
0
0
0
0
28.1962880086899
111.803525295258
195.410786552429
273.320339851379
340.222818450928
391.558821716309
423.83005355835
434.837145690918
423.83005355835
391.558821716309
340.222818450928
273.320339851379
195.410786552429
111.803525295258
28.1962880086899
0
0
0
0
0
0
0
0
0
22.1623204183579
89.3283645248413
156.494432601929
219.083231048584
272.829456748962
314.070383987427
339.99552482605
348.83808013916
339.99552482605
314.070383987427
272.829456748962
219.083231048584
156.494432601929
89.3283645248413
22.1623204183579
0
0
0
0
0
0
0
0
0
22.3345404911041
91.6394183921814
160.944318084717
225.526180725098
280.983890113831
323.538092651367
350.288763656616
359.412934341431
350.288763656616
323.538092651367
280.983890113831
225.526180725098
160.944318084717
91.6394183921814
22.3345404911041
0
0
0
0
0
0
0
0
0
23.5503818225861
98.5138650894165
173.477387580872
243.332225227356
303.31799041748
349.346640472412
378.281478042603
388.150602798462
378.281478042603
349.346640472412
303.31799041748
243.332225227356
173.477387580872
98.5138650894165
23.5503818225861
0
0
0
0
0
0
0
0
0
25.5740564775467
109.245783405304
192.917564811707
270.887192802429
337.841238708496
389.21691986084
421.513011398315
432.528576049805
421.513011398315
389.21691986084
337.841238708496
270.887192802429
192.917564811707
109.245783405304
25.5740564775467
0
0
0
0
0
0
0
0
0
25.0905192756653
109.644776287079
194.199076881409
272.99107963562
340.651360549927
392.568899383545
425.205634994507
436.337409133911
425.205634994507
392.568899383545
340.651360549927
272.99107963562
194.199076881409
109.644776287079
25.0905192756653
0
0
0
0
0
0
0
0
0
22.8703728342056
102.43687669754
182.003426322937
256.147572555542
319.816634597778
368.671654205322
399.383140640259
409.85831199646
399.383140640259
368.671654205322
319.816634597778
256.147572555542
182.003426322937
102.43687669754
22.8703728342056
0
0
0
0
0
0
0
0
0
22.893720202446
105.31952922821
187.745370941162
264.553984909058
330.511080322266
381.121724395752
412.936904602051
423.788492889404
412.936904602051
381.121724395752
330.511080322266
264.553984909058
187.745370941162
105.31952922821
22.893720202446
0
0
0
0
0
0
0
0
0
21.015612487793
99.5254420089722
178.035323829651
251.194827384949
314.018363418579
362.224520568848
392.528175506592
402.864230194092
392.528175506592
362.224520568848
314.018363418579
251.194827384949
178.035323829651
99.5254420089722
21.015612487793
0
0
0
0
0
0
0
0
0
18.7483115100861
91.6313381195068
164.514386520386
232.430551452637
290.751501541138
335.502718887329
363.634549942017
373.229764785767
363.634549942017
335.502718887329
290.751501541138
232.430551452637
164.514386520386
91.6313381195068
18.7483115100861
0
0
0
0
0
0
0
0
0
22.1071945667267
111.817733325958
201.528311309814
285.1252085495
356.911519012451
411.995095214844
446.622070846558
458.432692489624
446.622070846558
411.995095214844
356.911519012451
285.1252085495
201.528311309814
111.817733325958
22.1071945667267
0
0
0
0
0
0
0
0
0
20.4038499879837
107.134374160767
193.864935379028
274.684920959473
344.086600875855
397.34042678833
430.817162094116
442.235467758179
430.817162094116
397.34042678833
344.086600875855
274.684920959473
193.864935379028
107.134374160767
20.4038499879837
0
0
0
0
0
0
0
0
0
18.7663984203339
102.646649990082
186.526949501038
264.690870132446
331.811768875122
383.315479202271
415.692042236328
426.735081558228
415.692042236328
383.315479202271
331.811768875122
264.690870132446
186.526949501038
102.646649990082
18.7663984203339
0
0
0
0
0
0
0
0
0
15.5572194123268
88.9913291168213
162.425492210388
230.855185928345
289.617107963562
334.706720504761
363.051236190796
372.719007873535
363.051236190796
334.706720504761
289.617107963562
230.855185928345
162.425492210388
88.9913291168213
15.5572194123268
0
0
0
0
0
0
0
0
0
14.0481380558014
84.4169359588623
154.785755653381
220.359042472839
276.668083114624
319.875558700562
347.03692024231
356.301148986816
347.03692024231
319.875558700562
276.668083114624
220.359042472839
154.785755653381
84.4169359588623
14.0481380558014
0
0
0
0
0
0
0
0
0
15.690707347393
99.560482673645
183.430296134949
261.584489059448
328.697019882202
380.194279937744
412.566798477173
423.608478012085
412.566798477173
380.194279937744
328.697019882202
261.584489059448
183.430296134949
99.560482673645
15.690707347393
0
0
0
0
0
0
0
0
0
14.9674815392494
100.886597499847
186.805758132935
266.869632415771
335.622066345215
388.377652359009
421.541183395386
432.852658615112
421.541183395386
388.377652359009
335.622066345215
266.869632415771
186.805758132935
100.886597499847
14.9674815392494
0
0
0
0
0
0
0
0
0
14.4184021687508
103.971300430298
193.524239006043
276.974226951599
348.634391021729
403.621213150024
438.187312164307
449.977188339233
438.187312164307
403.621213150024
348.634391021729
276.974226951599
193.524239006043
103.971300430298
14.4184021687508
0
0
0
0
0
0
0
0
0
12.3324551534653
95.9482172584534
179.564020767212
257.481506156921
324.390748825073
375.732051773071
408.006595916748
419.014803771973
408.006595916748
375.732051773071
324.390748825073
257.481506156921
179.564020767212
95.9482172584534
12.3324551534653
0
0
0
0
0
0
0
0
0
9.99626374959946
84.780391330719
159.564552688599
229.252241134644
289.094461631775
335.012986373901
363.878614273071
373.724134521484
363.878614273071
335.012986373901
289.094461631775
229.252241134644
159.564552688599
84.780391330719
9.99626374959946
0
0
0
0
0
0
0
0
0
10.6137813735008
99.3970118713379
188.180276145935
270.913081054687
341.9573487854
396.471557769775
430.740630493164
442.429150238037
430.740630493164
396.471557769775
341.9573487854
270.913081054687
188.180276145935
99.3970118713379
10.6137813735008
0
0
0
0
0
0
0
0
0
9.00751665115357
94.6848443984985
180.362198295593
260.200748901367
328.759674682617
381.366799850464
414.436993713379
425.716635971069
414.436993713379
381.366799850464
328.759674682617
260.200748901367
180.362198295593
94.6848443984985
9.00751665115357
0
0
0
0
0
0
0
0
0
7.2371469950676
87.2646960067749
167.292291870117
241.866078491211
305.904096069336
355.042160568237
385.931639633179
396.467478408814
385.931639633179
355.042160568237
305.904096069336
241.866078491211
167.292291870117
87.2646960067749
7.2371469950676
0
0
0
0
0
0
0
0
0
6.82768985509872
97.3151431274414
187.802638893127
272.123518104553
344.531495285034
400.092147521973
435.018973617554
446.931858215332
435.018973617554
400.092147521973
344.531495285034
272.123518104553
187.802638893127
97.3151431274414
6.82768985509872
0
0
0
0
0
0
0
0
0
5.43314440250397
95.677767829895
185.922419586182
270.017033729553
342.230700836182
397.642194900513
432.475370025635
444.356282196045
432.475370025635
397.642194900513
342.230700836182
270.017033729553
185.922419586182
95.677767829895
5.43314440250397
0
0
0
0
0
0
0
0
0
4.00036147832871
93.5145297813416
183.028723144531
266.442659301758
338.071809768677
393.034818191528
427.585994415283
439.370780105591
427.585994415283
393.034818191528
338.071809768677
266.442659301758
183.028723144531
93.5145297813416
4.00036147832871
0
0
0
0
0
0
0
0
0
2.42311262726784
86.2190982627869
170.015125846863
248.100544929504
315.154064483643
366.605998306274
398.950065917969
409.982017745972
398.950065917969
366.605998306274
315.154064483643
248.100544929504
170.015125846863
86.2190982627869
2.42311262726784
0
0
0
0
0
0
0
0
0
1.12662485465407
88.5105311012268
175.894478683472
257.323317604065
327.247835617065
380.902833557129
414.631757049561
426.136077957153
414.631757049561
380.902833557129
327.247835617065
257.323317604065
175.894478683472
88.5105311012268
1.12662485465407
0
0
0
0
0
0
0
0
0
0
88.807993221283
177.916778297424
260.952902870178
332.257674407959
386.971737213135
421.366433334351
433.097838668823
421.366433334351
386.971737213135
332.257674407959
260.952902870178
177.916778297424
88.807993221283
0
0
0
0
0
0
0
0
0
0
0
69.9720495414734
141.363420333862
207.889534301758
265.016852912903
308.852183990479
336.408197555542
345.807045211792
336.408197555542
308.852183990479
265.016852912903
207.889534301758
141.363420333862
69.9720495414734
0
0
0
0
0
0
0
0
0
0
0
80.5328003120422
164.126481132507
242.023377952576
308.914978256226
360.242683334351
392.508650360107
403.513964309692
392.508650360107
360.242683334351
308.914978256226
242.023377952576
164.126481132507
80.5328003120422
0
0
0
0
0
0
0
0
0
0
0
81.4412774848938
167.492877883911
247.680144119263
316.53857170105
369.375500869751
402.590111083984
413.919054336548
402.590111083984
369.375500869751
316.53857170105
247.680144119263
167.492877883911
81.4412774848938
0
0
0
0
0
0
0
0
0
0
0
77.9254523468018
161.784178314209
239.928050804138
307.031708145142
358.52220413208
390.890434112549
401.930649261475
390.890434112549
358.52220413208
307.031708145142
239.928050804138
161.784178314209
77.9254523468018
0
0
0
0
0
0
0
0
0
0
0
81.8892226982117
171.693957214355
255.378630447388
327.240304489136
382.381723937988
417.045065155029
428.868064346314
417.045065155029
382.381723937988
327.240304489136
255.378630447388
171.693957214355
81.8892226982117
0
0
0
0
0
0
0
0
0
0
0
78.5010867881775
166.283800621033
248.084244918823
318.327877044678
372.227706375122
406.110599594116
417.667429199219
406.110599594116
372.227706375122
318.327877044678
248.084244918823
166.283800621033
78.5010867881775
0
0
0
0
0
0
0
0
0
0
0
78.9085609054566
168.938035087585
252.832115516663
324.873577804565
380.152928466797
414.903017120361
426.755652694702
414.903017120361
380.152928466797
324.873577804565
252.832115516663
168.938035087585
78.9085609054566
0
0
0
0
0
0
0
0
0
0
0
79.2398869514465
171.541190376282
257.552249946594
331.411642837524
388.085960617065
423.712902679443
435.864621658325
423.712902679443
388.085960617065
331.411642837524
257.552249946594
171.541190376282
79.2398869514465
0
0
0
0
0
0
0
0
0
0
0
77.4184522819519
169.547864685059
255.398748321533
329.120645828247
385.689423217773
421.250014648438
433.379105377197
421.250014648438
385.689423217773
329.120645828247
255.398748321533
169.547864685059
77.4184522819519
0
0
0
0
0
0
0
0
0
0
0
75.9208822631836
168.284953804016
254.354501647949
328.26415435791
384.976999435425
420.628208465576
432.788155899048
420.628208465576
384.976999435425
328.26415435791
254.354501647949
168.284953804016
75.9208822631836
0
0
0
0
0
0
0
0
0
0
0
73.6531846809387
165.324191970825
250.747945594788
324.10299697876
380.390298461914
415.773978118897
427.84271522522
415.773978118897
380.390298461914
324.10299697876
250.747945594788
165.324191970825
73.6531846809387
0
0
0
0
0
0
0
0
0
0
0
72.1030449485779
163.982204246521
249.599936714172
323.121544570923
379.536666030884
415.000642852783
427.096784896851
415.000642852783
379.536666030884
323.121544570923
249.599936714172
163.982204246521
72.1030449485779
0
0
0
0
0
0
0
0
0
0
0
70.6547977161407
162.904817123413
248.868109817505
322.686482467651
379.329315948486
414.936488800049
427.081443710327
414.936488800049
379.329315948486
322.686482467651
248.868109817505
162.904817123413
70.6547977161407
0
0
0
0
0
0
0
0
0
0
0
66.8871809959412
156.440965080261
239.891772384644
311.5526512146
366.539926605225
401.10640914917
412.896389923096
401.10640914917
366.539926605225
311.5526512146
239.891772384644
156.440965080261
66.8871809959412
0
0
0
0
0
0
0
0
0
0
0
66.1935763168335
157.152377738953
241.912450714111
314.697629318237
370.547602386475
405.65636100769
417.631342544556
405.65636100769
370.547602386475
314.697629318237
241.912450714111
157.152377738953
66.1935763168335
0
0
0
0
0
0
0
0
0
0
0
65.4393521595001
157.812728652954
243.89094078064
317.808020019531
374.526583175659
410.18138343811
422.342551193237
410.18138343811
374.526583175659
317.808020019531
243.89094078064
157.812728652954
65.4393521595001
0
0
0
0
0
0
0
0
0
0
0
62.2842671775818
152.686052780151
236.927070655823
309.26650062561
364.774469833374
399.668242645264
411.569865417481
399.668242645264
364.774469833374
309.26650062561
236.927070655823
152.686052780151
62.2842671775818
0
0
0
0
0
0
0
0
0
0
0
60.8056600856781
151.643741188049
236.291317939758
308.979899368286
364.755746612549
399.817923812866
411.77700630188
399.817923812866
364.755746612549
308.979899368286
236.291317939758
151.643741188049
60.8056600856781
0
0
0
0
0
0
0
0
0
0
0
59.8790742111206
152.04784198761
237.935405006409
311.688769378662
368.281709136963
403.857537155151
415.991753234863
403.857537155151
368.281709136963
311.688769378662
237.935405006409
152.04784198761
59.8790742111206
0
0
0
0
0
0
0
0
0
0
0
58.1206517219544
150.401436309814
236.393389129639
310.236412277222
366.898108444214
402.517170715332
414.666204986572
402.517170715332
366.898108444214
310.236412277222
236.393389129639
150.401436309814
58.1206517219544
0
0
0
0
0
0
0
0
0
0
0
56.3436236858368
148.731705055237
234.823637084961
308.752466278076
365.48002494812
401.140508422852
413.303628692627
401.140508422852
365.48002494812
308.752466278076
234.823637084961
148.731705055237
56.3436236858368
0
0
0
0
0
0
0
0
0
0
0
52.8587206268311
142.483762779236
226.000973014832
297.718840866089
352.749873504639
387.343865585327
399.143225402832
387.343865585327
352.749873504639
297.718840866089
226.000973014832
142.483762779236
52.8587206268311
0
0
0
0
0
0
0
0
0
0
0
52.14226978302
143.686982498169
228.993027381897
302.247036132813
358.456760025024
393.791696548462
405.84380241394
393.791696548462
358.456760025024
302.247036132813
228.993027381897
143.686982498169
52.14226978302
0
0
0
0
0
0
0
0
0
0
0
50.5221140956879
142.50082113266
228.211306762695
301.812566757202
358.288843765259
393.791278152466
405.900495071411
393.791278152466
358.288843765259
301.812566757202
228.211306762695
142.50082113266
50.5221140956879
0
0
0
0
0
0
0
0
0
0
0
48.6368173789978
140.599708175659
226.295436630249
299.884040145874
356.350589447021
391.846922225952
403.954047164917
391.846922225952
356.350589447021
299.884040145874
226.295436630249
140.599708175659
48.6368173789978
0
0
0
0
0
0
0
0
0
0
0
45.0385159301758
133.63256061554
216.189011611938
287.081872291565
341.479889221191
375.675882110596
387.339507293701
375.675882110596
341.479889221191
287.081872291565
216.189011611938
133.63256061554
45.0385159301758
0
0
0
0
0
0
0
0
0
0
0
41.131141872406
125.456083011627
204.034363861084
271.511073532104
323.287787246704
355.835997238159
366.937577133179
355.835997238159
323.287787246704
271.511073532104
204.034363861084
125.456083011627
41.131141872406
0
0
0
0
0
0
0
0
0
0
0
40.0014029502869
125.643053722382
205.448315696716
273.978703384399
326.563897628784
359.620319290161
370.895254592896
359.620319290161
326.563897628784
273.978703384399
205.448315696716
125.643053722382
40.0014029502869
0
0
0
0
0
0
0
0
0
0
0
40.5553679656982
131.425425853729
216.102769737244
288.816908187866
344.612420043945
379.686939926147
391.650206375122
379.686939926147
344.612420043945
288.816908187866
216.102769737244
131.425425853729
40.5553679656982
0
0
0
0
0
0
0
0
0
0
0
39.0618467998505
130.877135334015
216.435342254639
289.905818634033
346.281750335693
381.721076660156
393.808815917969
381.721076660156
346.281750335693
289.905818634033
216.435342254639
130.877135334015
39.0618467998505
0
0
0
0
0
0
0
0
0
0
0
36.5362908935547
126.861152648926
211.030485343933
283.308376235962
338.7691015625
373.633237991333
385.524714660645
373.633237991333
338.7691015625
283.308376235962
211.030485343933
126.861152648926
36.5362908935547
0
0
0
0
0
0
0
0
0
0
0
34.6680394554138
125.071298160553
209.313701972961
281.654317398071
337.163193130493
372.057558670044
383.959355773926
372.057558670044
337.163193130493
281.654317398071
209.313701972961
125.071298160553
34.6680394554138
0
0
0
0
0
0
0
0
0
0
0
29.1989609384537
109.771620006561
184.853365516663
249.327508621216
298.800289916992
329.900152435303
340.507746124268
329.900152435303
298.800289916992
249.327508621216
184.853365516663
109.771620006561
29.1989609384537
0
0
0
0
0
0
0
0
0
0
0
24.2534265613556
95.3287209701538
161.560301589966
218.434682388306
262.075912590027
289.509946289062
298.867198410034
289.509946289062
262.075912590027
218.434682388306
161.560301589966
95.3287209701538
24.2534265613556
0
0
0
0
0
0
0
0
0
0
0
27.5513044309616
113.64553981781
193.872536239624
262.765045661926
315.628107147217
348.859244003296
360.193765869141
348.859244003296
315.628107147217
262.765045661926
193.872536239624
113.64553981781
27.5513044309616
0
0
0
0
0
0
0
0
0
0
0
27.304570646286
118.706893615723
203.880272102356
277.020302810669
333.142651672363
368.422603988647
380.455951766968
368.422603988647
333.142651672363
277.020302810669
203.880272102356
118.706893615723
27.304570646286
0
0
0
0
0
0
0
0
0
0
0
24.5900566482544
113.238885059357
195.846389083862
266.783111610413
321.214739685059
355.431896438599
367.102738952637
355.431896438599
321.214739685059
266.783111610413
195.846389083862
113.238885059357
24.5900566482544
0
0
0
0
0
0
0
0
0
0
0
22.4388627386093
110.094028987885
191.775605239868
261.917183609009
315.738703155518
349.572330245972
361.112354278564
349.572330245972
315.738703155518
261.917183609009
191.775605239868
110.094028987885
22.4388627386093
0
0
0
0
0
0
0
0
0
0
0
21.1916177368164
111.545043735504
195.74098815918
268.041699066162
323.519997024536
358.395081481934
370.290358581543
358.395081481934
323.519997024536
268.041699066162
195.74098815918
111.545043735504
21.1916177368164
0
0
0
0
0
0
0
0
0
0
0
14.0710888195038
80.1188061904907
141.665449943542
194.516778907776
235.071013717651
260.564474487305
269.259824142456
260.564474487305
235.071013717651
194.516778907776
141.665449943542
80.1188061904907
14.0710888195038
0
0
0
0
0
0
0
0
0
0
0
15.6067317843437
97.1032517051697
173.0458644104
238.259295806885
288.299317474365
319.75579284668
330.485000305176
319.75579284668
288.299317474365
238.259295806885
173.0458644104
97.1032517051697
15.6067317843437
0
0
0
0
0
0
0
0
0
0
0
14.7135892605782
101.306510181427
181.998213806152
251.289803276062
304.45909576416
337.882694778442
349.282869949341
337.882694778442
304.45909576416
251.289803276062
181.998213806152
101.306510181427
14.7135892605782
0
0
0
0
0
0
0
0
0
0
0
13.4196724033356
103.913762264252
188.240769233704
260.654080963135
316.218707962036
351.14811416626
363.061905288696
351.14811416626
316.218707962036
260.654080963135
188.240769233704
103.913762264252
13.4196724033356
0
0
0
0
0
0
0
0
0
0
0
10.6581999921799
94.8230894088745
173.252238235474
240.600918731689
292.27934425354
324.765771102905
335.846291732788
324.765771102905
292.27934425354
240.600918731689
173.252238235474
94.8230894088745
10.6581999921799
0
0
0
0
0
0
0
0
0
0
0
9.15696465015411
96.4141012001038
177.72476940155
247.547843818665
301.124967803955
334.804938964844
346.292593765259
334.804938964844
301.124967803955
247.547843818665
177.72476940155
96.4141012001038
9.15696465015411
0
0
0
0
0
0
0
0
0
0
0
7.55092383503914
98.2845317840576
182.834761734009
255.439681396484
311.151409454346
346.173281173706
358.118591461182
346.173281173706
311.151409454346
255.439681396484
182.834761734009
98.2845317840576
7.55092383503914
0
0
0
0
0
0
0
0
0
0
0
5.50867740988731
95.1202290153503
178.624843788147
250.331920509338
305.354672393799
339.943434524536
351.741016159058
339.943434524536
305.354672393799
250.331920509338
178.624843788147
95.1202290153503
5.50867740988731
0
0
0
0
0
0
0
0
0
0
0
3.3165354436636
86.8533778762817
164.697277870178
231.543360176086
282.836181488037
315.080182723999
326.07803527832
315.080182723999
282.836181488037
231.543360176086
164.697277870178
86.8533778762817
3.3165354436636
0
0
0
0
0
0
0
0
0
0
0
1.15672628104687
65.7428810214996
125.927562999725
177.609344406128
217.266154670715
242.195478172302
250.698400535584
242.195478172302
217.266154670715
177.609344406128
125.927562999725
65.7428810214996
1.15672628104687
0
0
0
0
0
0
0
0
0
0
0
0
84.2000848007202
162.969215240479
230.609814109802
282.512238388062
315.139525222778
326.268056793213
315.139525222778
282.512238388062
230.609814109802
162.969215240479
84.2000848007202
0
0
0
0
0
0
0
0
0
0
0
0
0
83.8472113609314
164.043115730286
232.908952407837
285.751529922485
318.969766235352
330.299894943237
318.969766235352
285.751529922485
232.908952407837
164.043115730286
83.8472113609314
0
0
0
0
0
0
0
0
0
0
0
0
0
84.011771736145
166.207094688416
236.789801902771
290.949856109619
324.99627243042
336.608888168335
324.99627243042
290.949856109619
236.789801902771
166.207094688416
84.011771736145
0
0
0
0
0
0
0
0
0
0
0
0
0
77.5493230628967
155.202669830322
221.885159301758
273.052392082214
305.217473373413
316.188374252319
305.217473373413
273.052392082214
221.885159301758
155.202669830322
77.5493230628967
0
0
0
0
0
0
0
0
0
0
0
0
0
69.6556767940521
141.081578330994
202.416409111023
249.480258026123
279.065840835571
289.156942100525
279.065840835571
249.480258026123
202.416409111023
141.081578330994
69.6556767940521
0
0
0
0
0
0
0
0
0
0
0
0
0
78.7357807922363
161.46129863739
232.499360160828
287.008757591248
321.274814376831
332.962322998047
321.274814376831
287.008757591248
232.499360160828
161.46129863739
78.7357807922363
0
0
0
0
0
0
0
0
0
0
0
0
0
66.3041810417175
137.727358646393
199.059844665527
246.121932830811
275.706382484436
285.797100219727
275.706382484436
246.121932830811
199.059844665527
137.727358646393
66.3041810417175
0
0
0
0
0
0
0
0
0
0
0
0
0
46.6557384872437
98.2152000808716
142.490317649841
176.463811035156
197.820433692932
205.104795150757
197.820433692932
176.463811035156
142.490317649841
98.2152000808716
46.6557384872437
0
0
0
0
0
0
0
0
0
0
0
0
0
62.5479917621613
133.507120265961
194.441118965149
241.197411956787
270.589660949707
280.614812545776
270.589660949707
241.197411956787
194.441118965149
133.507120265961
62.5479917621613
0
0
0
0
0
0
0
0
0
0
0
0
0
53.3813233757019
115.593600292206
169.01650177002
210.009337615967
235.778521347046
244.567905502319
235.778521347046
210.009337615967
169.01650177002
115.593600292206
53.3813233757019
0
0
0
0
0
0
0
0
0
0
0
0
0
60.8191228485107
133.686507549286
196.259171600342
244.272866592407
274.455517921448
284.7502734375
274.455517921448
244.272866592407
196.259171600342
133.686507549286
60.8191228485107
0
0
0
0
0
0
0
0
0
0
0
0
0
63.0216247463226
140.703391933441
207.410261688232
258.596252555847
290.773101234436
301.748029174805
290.773101234436
258.596252555847
207.410261688232
140.703391933441
63.0216247463226
0
0
0
0
0
0
0
0
0
0
0
0
0
57.6356871795654
130.784050941467
193.598016166687
241.796851387024
272.095886535645
282.430337371826
272.095886535645
241.796851387024
193.598016166687
130.784050941467
57.6356871795654
0
0
0
0
0
0
0
0
0
0
0
0
0
58.9838506031036
136.126514549255
202.370455284119
253.201193084717
285.154757766724
296.053520202637
285.154757766724
253.201193084717
202.370455284119
136.126514549255
58.9838506031036
0
0
0
0
0
0
0
0
0
0
0
0
0
12.0052476930618
28.1996722221375
42.1061440086365
52.7769547176361
59.4849103164673
61.7728652381897
59.4849103164673
52.7769547176361
42.1061440086365
28.1996722221375
12.0052476930618
0
0
0
0
0
0
0
0
0
0
0
0
0
10.9310551977158
26.1538705205917
39.2260062122345
49.2565969562531
55.5620991897583
57.712785358429
55.5620991897583
49.2565969562531
39.2260062122345
26.1538705205917
10.9310551977158
0
0
0
0
0
0
0
0
0
0
0
0
0
34.8712535190582
85.0556697463989
128.150030231476
161.217513237
182.004576911926
189.094663162231
182.004576911926
161.217513237
128.150030231476
85.0556697463989
34.8712535190582
0
0
0
0
0
0
0
0
0
0
0
0
0
46.8177797698975
116.518133411407
176.371223487854
222.298081283569
251.168904266357
261.01622013092
251.168904266357
222.298081283569
176.371223487854
116.518133411407
46.8177797698975
0
0
0
0
0
0
0
0
0
0
0
0
0
53.2502869796753
135.351802062988
205.854002914429
259.952239112854
293.959831771851
305.55916343689
293.959831771851
259.952239112854
205.854002914429
135.351802062988
53.2502869796753
0
0
0
0
0
0
0
0
0
0
0
0
0
18.6299882507324
48.4123784351349
73.9871082687378
93.6112925720215
105.947559051514
110.155245552063
105.947559051514
93.6112925720215
73.9871082687378
48.4123784351349
18.6299882507324
0
0
0
0
0
0
0
0
0
0
0
0
0
28.039969162941
74.5759309005737
114.537289867401
145.200713062286
164.476539115906
171.05117893219
164.476539115906
145.200713062286
114.537289867401
74.5759309005737
28.039969162941
0
0
0
0
0
0
0
0
0
0
0
0
0
13.4848757147789
36.7500433063507
56.7283126544952
72.0581676197052
81.6949213409424
84.9818402862549
81.6949213409424
72.0581676197052
56.7283126544952
36.7500433063507
13.4848757147789
0
0
0
0
0
0
0
0
0
0
0
0
0
34.099665927887
95.3461192703247
147.939664001465
188.296102104187
213.665212097168
222.318164291382
213.665212097168
188.296102104187
147.939664001465
95.3461192703247
34.099665927887
0
0
0
0
0
0
0
0
0
0
0
0
0
33.6051371145248
96.5382166290283
150.580091400147
192.047893867493
218.115655441284
227.006866722107
218.115655441284
192.047893867493
150.580091400147
96.5382166290283
33.6051371145248
0
0
0
0
0
0
0
0
0
0
0
0
0
34.3024921035767
101.393344783783
159.005593070984
203.213017654419
231.002984313965
240.481623573303
231.002984313965
203.213017654419
159.005593070984
101.393344783783
34.3024921035767
0
0
0
0
0
0
0
0
0
0
0
0
0
38.3056221866608
116.692412776947
184.004701538086
235.65523399353
268.124105644226
279.198646697998
268.124105644226
235.65523399353
184.004701538086
116.692412776947
38.3056221866608
0
0
0
0
0
0
0
0
0
0
0
0
0
29.9083513498306
94.0676057052612
149.162426300049
191.438168869019
218.013810882568
227.07825553894
218.013810882568
191.438168869019
149.162426300049
94.0676057052612
29.9083513498306
0
0
0
0
0
0
0
0
0
0
0
0
0
5.71857055544853
18.6057539701462
29.6722300052643
38.1638382434845
43.5018825435638
45.3225893783569
43.5018825435638
38.1638382434845
29.6722300052643
18.6057539701462
5.71857055544853
0
0
0
0
0
0
0
0
0
0
0
0
0
31.5047238397598
106.261565246582
170.45674282074
219.715427398682
250.680723304749
261.242432899475
250.680723304749
219.715427398682
170.45674282074
106.261565246582
31.5047238397598
0
0
0
0
0
0
0
0
0
0
0
0
0
15.415744907856
54.0295102977753
87.1879203414917
112.63124332428
128.625598297119
134.080976524353
128.625598297119
112.63124332428
87.1879203414917
54.0295102977753
15.415744907856
0
0
0
0
0
0
0
0
0
0
0
0
0
20.0077226829529
73.0578638362885
118.613068313599
153.568798599243
175.542921447754
183.037875556946
175.542921447754
153.568798599243
118.613068313599
73.0578638362885
20.0077226829529
0
0
0
0
0
0
0
0
0
0
0
0
0
28.2652318239212
107.84303237915
176.178081436157
228.613367881775
261.575598144531
272.818404121399
261.575598144531
228.613367881775
176.178081436157
107.84303237915
28.2652318239212
0
0
0
0
0
0
0
0
0
0
0
0
0
26.3013071680069
105.198011341095
172.948186378479
224.934690818787
257.614817581177
268.761375045776
257.614817581177
224.934690818787
172.948186378479
105.198011341095
26.3013071680069
0
0
0
0
0
0
0
0
0
0
0
0
0
22.0416153526306
92.7613646888733
153.48982635498
200.088384056091
229.381490631104
239.372821884155
229.381490631104
200.088384056091
153.48982635498
92.7613646888733
22.0416153526306
0
0
0
0
0
0
0
0
0
0
0
0
0
17.9854132628441
79.9756101608276
133.207810230255
174.054338226318
199.731492271423
208.489514160156
199.731492271423
174.054338226318
133.207810230255
79.9756101608276
17.9854132628441
0
0
0
0
0
0
0
0
0
0
0
0
0
5.98389299869537
28.2500409984589
47.3704242229462
62.0420071792603
71.2649498271942
74.4107254981995
71.2649498271942
62.0420071792603
47.3704242229462
28.2500409984589
5.98389299869537
0
0
0
0
0
0
0
0
0
0
0
0
0
5.99317289113998
30.206696023941
50.9993295955658
66.9540720558167
76.9836429595947
80.404544506073
76.9836429595947
66.9540720558167
50.9993295955658
30.206696023941
5.99317289113998
0
0
0
0
0
0
0
0
0
0
0
0
0
11.0257761287689
59.7151457881927
101.525671234131
133.608014717102
153.775817451477
160.654683456421
153.775817451477
133.608014717102
101.525671234131
59.7151457881927
11.0257761287689
0
0
0
0
0
0
0
0
0
0
0
0
0
15.8895162677765
93.1864898872376
159.56294883728
210.495374298096
242.512831535339
253.433420295715
242.512831535339
210.495374298096
159.56294883728
93.1864898872376
15.8895162677765
0
0
0
0
0
0
0
0
0
0
0
0
0
14.338952691555
91.9051259994507
158.512740020752
209.622565383911
241.751525154114
252.710135650635
241.751525154114
209.622565383911
158.512740020752
91.9051259994507
14.338952691555
0
0
0
0
0
0
0
0
0
0
0
0
0
12.7315809631348
90.1984887313843
156.720872001648
207.765270690918
239.853105621338
250.797717285156
239.853105621338
207.765270690918
156.720872001648
90.1984887313843
12.7315809631348
0
0
0
0
0
0
0
0
0
0
0
0
0
11.1310397672653
88.4109615707398
154.772767944336
205.693949012756
237.704363250732
248.622511367798
237.704363250732
205.693949012756
154.772767944336
88.4109615707398
11.1310397672653
0
0
0
0
0
0
0
0
0
0
0
0
0
9.57397144079208
86.826574382782
153.164906997681
204.068097038269
236.067214584351
246.981475105286
236.067214584351
204.068097038269
153.164906997681
86.826574382782
9.57397144079208
0
0
0
0
0
0
0
0
0
0
0
0
0
8.01087832093239
85.0071532440186
151.125383415222
201.859680938721
233.75259563446
244.6306823349
233.75259563446
201.859680938721
151.125383415222
85.0071532440186
8.01087832093239
0
0
0
0
0
0
0
0
0
0
0
0
0
6.49169008612633
83.4265926361084
149.492104911804
200.185957489014
232.053454627991
242.922859611511
232.053454627991
200.185957489014
149.492104911804
83.4265926361084
6.49169008612633
0
0
0
0
0
0
0
0
0
0
0
0
0
4.99455426216126
81.8944613647461
147.929936294556
198.60072479248
230.453717536926
241.318188934326
230.453717536926
198.60072479248
147.929936294556
81.8944613647461
4.99455426216126
0
0
0
0
0
0
0
0
0
0
0
0
0
3.50416698038578
80.0780735969544
145.833606739044
196.289609909058
228.007565345764
238.825943450928
228.007565345764
196.289609909058
145.833606739044
80.0780735969544
3.50416698038578
0
0
0
0
0
0
0
0
0
0
0
0
0
2.00106737911701
76.5940029716492
140.648433876038
189.799137420654
220.696548576355
231.235089492798
220.696548576355
189.799137420654
140.648433876038
76.5940029716492
2.00106737911701
0
0
0
0
0
0
0
0
0
0
0
0
0
0.618859432935715
76.5326469421387
141.721323242188
191.742342758179
223.186876411438
233.912004508972
223.186876411438
191.742342758179
141.721323242188
76.5326469421387
0.618859432935715
0
0
0
0
0
0
0
0
0
0
0
0
0
0
75.3805587005615
140.781841182709
190.966026420593
222.513084526062
233.273235855103
222.513084526062
190.966026420593
140.781841182709
75.3805587005615
0
0
0
0
0
0
0
0
0
0
0
0
0
0
0
72.9088843536377
137.345711765289
186.789841651917
217.871695709229
228.473152923584
217.871695709229
186.789841651917
137.345711765289
72.9088843536377
0
0
0
0
0
0
0
0
0
0
0
0
0
0
0
63.5125078487396
120.694501228333
164.571776504517
192.154183883667
201.562044487
192.154183883667
164.571776504517
120.694501228333
63.5125078487396
0
0
0
0
0
0
0
0
0
0
0
0
0
0
0
69.7407898712158
133.7064336586
182.788999671936
213.643577537537
224.167509460449
213.643577537537
182.788999671936
133.7064336586
69.7407898712158
0
0
0
0
0
0
0
0
0
0
0
0
0
0
0
68.8755033683777
133.23192029953
182.614319343567
213.657402038574
224.245610046387
213.657402038574
182.614319343567
133.23192029953
68.8755033683777
0
0
0
0
0
0
0
0
0
0
0
0
0
0
0
62.4313682365418
121.860091457367
167.461358718872
196.127498893738
205.904994926453
196.127498893738
167.461358718872
121.860091457367
62.4313682365418
0
0
0
0
0
0
0
0
0
0
0
0
0
0
0
58.9028517532349
116.022918167114
159.852688064575
187.405249862671
196.802894630432
187.405249862671
159.852688064575
116.022918167114
58.9028517532349
0
0
0
0
0
0
0
0
0
0
0
0
0
0
0
64.4581612491608
128.133756370544
176.993744430542
207.708438568115
218.18463848114
207.708438568115
176.993744430542
128.133756370544
64.4581612491608
0
0
0
0
0
0
0
0
0
0
0
0
0
0
0
62.830287027359
126.054432868958
174.568006477356
205.064890632629
215.466842689514
205.064890632629
174.568006477356
126.054432868958
62.830287027359
0
0
0
0
0
0
0
0
0
0
0
0
0
0
0
61.3939466476441
124.319074459076
172.603236312866
202.955913314819
213.308651542664
202.955913314819
172.603236312866
124.319074459076
61.3939466476441
0
0
0
0
0
0
0
0
0
0
0
0
0
0
0
56.6571984100342
115.799041442871
161.180171394348
189.707927093506
199.438214111328
189.707927093506
161.180171394348
115.799041442871
56.6571984100342
0
0
0
0
0
0
0
0
0
0
0
0
0
0
0
43.5283025074005
89.7982406616211
125.302409648895
147.621247215271
155.233805465698
147.621247215271
125.302409648895
89.7982406616211
43.5283025074005
0
0
0
0
0
0
0
0
0
0
0
0
0
0
0
50.4002475452423
104.948690910339
146.805183258057
173.1172706604
182.091847343445
173.1172706604
146.805183258057
104.948690910339
50.4002475452423
0
0
0
0
0
0
0
0
0
0
0
0
0
0
0
27.79854159832
58.4265253448486
81.9281945419312
96.7019576454163
101.741023139954
96.7019576454163
81.9281945419312
58.4265253448486
27.79854159832
0
0
0
0
0
0
0
0
0
0
0
0
0
0
0
31.9287420320511
67.7331471920013
95.2068195533753
112.477508945465
118.368210773468
112.477508945465
95.2068195533753
67.7331471920013
31.9287420320511
0
0
0
0
0
0
0
0
0
0
0
0
0
0
0
35.9540274906159
76.9800865936279
108.460480270386
128.249878692627
134.999678249359
128.249878692627
108.460480270386
76.9800865936279
35.9540274906159
0
0
0
0
0
0
0
0
0
0
0
0
0
0
0
48.492627658844
104.782709732056
147.975576324463
175.12776802063
184.388876228333
175.12776802063
147.975576324463
104.782709732056
48.492627658844
0
0
0
0
0
0
0
0
0
0
0
0
0
0
0
50.4762300014496
110.064296722412
155.787848930359
184.530869369507
194.334567451477
184.530869369507
155.787848930359
110.064296722412
50.4762300014496
0
0
0
0
0
0
0
0
0
0
0
0
0
0
0
38.5756009197235
84.8733711242676
120.398887023926
142.731165561676
150.348282585144
142.731165561676
120.398887023926
84.8733711242676
38.5756009197235
0
0
0
0
0
0
0
0
0
0
0
0
0
0
0
43.3007038021088
96.1161509513855
136.642867507935
162.119034576416
170.808474388123
162.119034576416
136.642867507935
96.1161509513855
43.3007038021088
0
0
0
0
0
0
0
0
0
0
0
0
0
0
0
47.9487825965881
107.363123455048
152.953338088989
181.612557296753
191.387682418823
181.612557296753
152.953338088989
107.363123455048
47.9487825965881
0
0
0
0
0
0
0
0
0
0
0
0
0
0
0
37.9907574081421
85.7935808181763
122.473982982636
145.532230873108
153.396977310181
145.532230873108
122.473982982636
85.7935808181763
37.9907574081421
0
0
0
0
0
0
0
0
0
0
0
0
0
0
0
32.0713082885742
73.0305634975433
104.459690589905
124.216872520447
130.955680465698
124.216872520447
104.459690589905
73.0305634975433
32.0713082885742
0
0
0
0
0
0
0
0
0
0
0
0
0
0
0
44.3535145187378
101.818844795227
145.913563957214
173.632647361755
183.087124252319
173.632647361755
145.913563957214
101.818844795227
44.3535145187378
0
0
0
0
0
0
0
0
0
0
0
0
0
0
0
37.7995678710937
87.4558158111572
125.558415699005
149.510688667297
157.680376052856
149.510688667297
125.558415699005
87.4558158111572
37.7995678710937
0
0
0
0
0
0
0
0
0
0
0
0
0
0
0
30.4963633394241
71.093485918045
102.244745769501
121.827247371674
128.506477470398
121.827247371674
102.244745769501
71.093485918045
30.4963633394241
0
0
0
0
0
0
0
0
0
0
0
0
0
0
0
32.6054801225662
76.562998085022
110.292775802612
131.496195793152
138.728292617798
131.496195793152
110.292775802612
76.562998085022
32.6054801225662
0
0
0
0
0
0
0
0
0
0
0
0
0
0
0
42.3066079902649
100.031805763245
144.325908050537
172.170335922241
181.667558937073
172.170335922241
144.325908050537
100.031805763245
42.3066079902649
0
0
0
0
0
0
0
0
0
0
0
0
0
0
0
39.5956721496582
94.2373437309265
136.165355644226
162.52242061615
171.512321052551
162.52242061615
136.165355644226
94.2373437309265
39.5956721496582
0
0
0
0
0
0
0
0
0
0
0
0
0
0
0
11.1607230019569
26.7266960430145
38.6708906078339
46.1793205547333
48.7403137302399
46.1793205547333
38.6708906078339
26.7266960430145
11.1607230019569
0
0
0
0
0
0
0
0
0
0
0
0
0
0
0
10.4584932637215
25.1896202898026
36.4932091808319
43.598946056366
46.0225789546967
43.598946056366
36.4932091808319
25.1896202898026
10.4584932637215
0
0
0
0
0
0
0
0
0
0
0
0
0
0
0
18.4277853107452
44.6206777954102
64.7191924095154
77.3536357688904
81.6630186462402
77.3536357688904
64.7191924095154
44.6206777954102
18.4277853107452
0
0
0
0
0
0
0
0
0
0
0
0
0
0
0
38.5549382591248
93.8112248420715
136.210847492218
162.864372177124
171.955402412415
162.864372177124
136.210847492218
93.8112248420715
38.5549382591248
0
0
0
0
0
0
0
0
0
0
0
0
0
0
0
14.3752943062782
35.1313825130463
51.0580924415588
61.0700296974182
64.4849211597443
61.0700296974182
51.0580924415588
35.1313825130463
14.3752943062782
0
0
0
0
0
0
0
0
0
0
0
0
0
0
0
26.019059844017
63.8347032737732
92.8516597747803
111.092496166229
117.314096927643
111.092496166229
92.8516597747803
63.8347032737732
26.019059844017
0
0
0
0
0
0
0
0
0
0
0
0
0
0
0
11.3327741909027
27.8974072647095
40.6078897380829
48.5980416584015
51.3233337116242
48.5980416584015
40.6078897380829
27.8974072647095
11.3327741909027
0
0
0
0
0
0
0
0
0
0
0
0
0
0
0
21.6359956884384
53.4115612030029
77.7938057899475
93.1211329460144
98.3489996337891
93.1211329460144
77.7938057899475
53.4115612030029
21.6359956884384
0
0
0
0
0
0
0
0
0
0
0
0
0
0
0
38.6396547317505
95.6060390663147
139.317873592377
166.796283416748
176.168667526245
166.796283416748
139.317873592377
95.6060390663147
38.6396547317505
0
0
0
0
0
0
0
0
0
0
0
0
0
0
0
34.4928339529038
85.4933642578125
124.62744102478
149.228149337769
157.619011306763
149.228149337769
124.62744102478
85.4933642578125
34.4928339529038
0
0
0
0
0
0
0
0
0
0
0
0
0
0
0
32.8313267946243
81.4699724769592
118.791697254181
142.253139419556
150.255381240845
142.253139419556
118.791697254181
81.4699724769592
32.8313267946243
0
0
0
0
0
0
0
0
0
0
0
0
0
0
0
24.9183384275436
61.8707481098175
90.2253270912171
108.04974615097
114.129336338043
108.04974615097
90.2253270912171
61.8707481098175
24.9183384275436
0
0
0
0
0
0
0
0
0
0
0
0
0
0
0
20.8080771780014
51.6661089897156
75.3442977142334
90.2290490722656
95.3059532546997
90.2290490722656
75.3442977142334
51.6661089897156
20.8080771780014
0
0
0
0
0
0
0
0
0
0
0
0
0
0
0
27.0892492485046
67.2246435165405
98.0216222000122
117.381406383514
123.984662742615
117.381406383514
98.0216222000122
67.2246435165405
27.0892492485046
0
0
0
0
0
0
0
0
0
0
0
0
0
0
0
31.4430649089813
77.9408806991577
113.619913063049
136.048692893982
143.698732452393
136.048692893982
113.619913063049
77.9408806991577
31.4430649089813
0
0
0
0
0
0
0
0
0
0
0
0
0
0
0
37.6775095558167
93.236357460022
135.868146305084
162.667604026794
171.808405952454
162.667604026794
135.868146305084
93.236357460022
37.6775095558167
0
0
0
0
0
0
0
0
0
0
0
0
0
0
0
21.748831858635
53.6980622196198
78.2135615730286
93.6246550941467
98.8810947418213
93.6246550941467
78.2135615730286
53.6980622196198
21.748831858635
0
0
0
0
0
0
0
0
0
0
0
0
0
0
0
26.1162867927551
64.300652589798
93.6005363082886
112.019217147827
118.301494045258
112.019217147827
93.6005363082886
64.300652589798
26.1162867927551
0
0
0
0
0
0
0
0
0
0
0
0
0
0
0
34.5442814064026
84.7674297714234
123.30500459671
147.530734214783
155.793671607971
147.530734214783
123.30500459671
84.7674297714234
34.5442814064026
0
0
0
0
0
0
0
0
0
0
0
0
0
0
0
33.2606708192825
81.3030499076843
118.167241230011
141.341053581238
149.245216407776
141.341053581238
118.167241230011
81.3030499076843
33.2606708192825
0
0
0
0
0
0
0
0
0
0
0
0
0
0
0
9.73016934394836
23.6810455846786
34.385931596756
41.1152994823456
43.4105632591248
41.1152994823456
34.385931596756
23.6810455846786
9.73016934394836
0
0
0
0
0
0
0
0
0
0
0
0
0
0
0
16.480441775322
39.9157538032532
57.8982960414886
69.2025887966156
73.0582778739929
69.2025887966156
57.8982960414886
39.9157538032532
16.480441775322
0
0
0
0
0
0
0
0
0
0
0
0
0
0
0
33.2474673748016
79.9874647140503
115.852308483124
138.397899246216
146.087791023254
138.397899246216
115.852308483124
79.9874647140503
33.2474673748016
0
0
0
0
0
0
0
0
0
0
0
0
0
0
0
42.3922789287567
101.392969970703
146.665805091858
175.125501708984
184.832567749023
175.125501708984
146.665805091858
101.392969970703
42.3922789287567
0
0
0
0
0
0
0
0
0
0
0
0
0
0
0
22.6960847520828
53.9451294136047
77.9233603668213
92.996712436676
98.1379450035095
92.996712436676
77.9233603668213
53.9451294136047
22.6960847520828
0
0
0
0
0
0
0
0
0
0
0
0
0
0
0
10.8140775609016
25.5331473731995
36.8274857902527
43.9273999881744
46.3490498638153
43.9273999881744
36.8274857902527
25.5331473731995
10.8140775609016
0
0
0
0
0
0
0
0
0
0
0
0
0
0
0
14.5567397928238
34.1300606536865
49.1491912174225
58.5906150245667
61.8109131240845
58.5906150245667
49.1491912174225
34.1300606536865
14.5567397928238
0
0
0
0
0
0
0
0
0
0
0
0
0
0
0
24.3826695203781
56.7503089523315
81.5868792915344
97.1997965812683
102.525071086884
97.1997965812683
81.5868792915344
56.7503089523315
24.3826695203781
0
0
0
0
0
0
0
0
0
0
0
0
0
0
0
20.1678332424164
46.5830639743805
66.8521882724762
79.5938848304749
83.9398512077332
79.5938848304749
66.8521882724762
46.5830639743805
20.1678332424164
0
0
0
0
0
0
0
0
0
0
0
0
0
0
0
39.9174404621124
91.4729055023193
131.032769927979
155.901181945801
164.383306541443
155.901181945801
131.032769927979
91.4729055023193
39.9174404621124
0
0
0
0
0
0
0
0
0
0
0
0
0
0
0
39.1317755889893
88.9428038978577
127.164141082764
151.191089019775
159.38622882843
151.191089019775
127.164141082764
88.9428038978577
39.1317755889893
0
0
0
0
0
0
0
0
0
0
0
0
0
0
0
43.5310613059998
98.1146717262268
139.998159332275
166.327191772461
175.307556266785
166.327191772461
139.998159332275
98.1146717262268
43.5310613059998
0
0
0
0
0
0
0
0
0
0
0
0
0
0
0
49.373564786911
110.330588340759
157.104541130066
186.507895050049
196.53682964325
186.507895050049
157.104541130066
110.330588340759
49.373564786911
0
0
0
0
0
0
0
0
0
0
0
0
0
0
0
53.7162537288666
118.986530323029
169.070178489685
200.554058799744
211.292627868652
200.554058799744
169.070178489685
118.986530323029
53.7162537288666
0
0
0
0
0
0
0
0
0
0
0
0
0
0
0
51.7764958000183
113.671096839905
161.164481544495
191.020086669922
201.203287353516
191.020086669922
161.164481544495
113.671096839905
51.7764958000183
0
0
0
0
0
0
0
0
0
0
0
0
0
0
0
51.9770687389374
113.083459663391
159.972052955627
189.447440719605
199.500973510742
189.447440719605
159.972052955627
113.083459663391
51.9770687389374
0
0
0
0
0
0
0
0
0
0
0
0
0
0
0
39.9049408817291
86.0277431106567
121.419014911652
143.666899490356
151.255225639343
143.666899490356
121.419014911652
86.0277431106567
39.9049408817291
0
0
0
0
0
0
0
0
0
0
0
0
0
0
0
47.209167432785
100.838525543213
141.989759140015
167.858538551331
176.681882514954
167.858538551331
141.989759140015
100.838525543213
47.209167432785
0
0
0
0
0
0
0
0
0
0
0
0
0
0
0
45.3186581993103
95.9043205451965
134.72003282547
159.120634536743
167.443210792542
159.120634536743
134.72003282547
95.9043205451965
45.3186581993103
0
0
0
0
0
0
0
0
0
0
0
0
0
0
0
45.3010594177246
94.9754901504517
133.09200170517
157.05306098938
165.225729446411
157.05306098938
133.09200170517
94.9754901504517
45.3010594177246
0
0
0
0
0
0
0
0
0
0
0
0
0
0
0
59.6754068851471
123.945133037567
173.261007118225
204.26226764679
214.836232757568
204.26226764679
173.261007118225
123.945133037567
59.6754068851471
0
0
0
0
0
0
0
0
0
0
0
0
0
0
0
59.3102735710144
122.036924781799
170.168746910095
200.425663528442
210.745784301758
200.425663528442
170.168746910095
122.036924781799
59.3102735710144
0
0
0
0
0
0
0
0
0
0
0
0
0
0
0
52.5111773777008
107.039345970154
148.880270500183
175.182577896118
184.15382484436
175.182577896118
148.880270500183
107.039345970154
52.5111773777008
0
0
0
0
0
0
0
0
0
0
0
0
0
0
0
45.7087993907928
92.3063241767883
128.061870708466
150.538739929199
158.20518409729
150.538739929199
128.061870708466
92.3063241767883
45.7087993907928
0
0
0
0
0
0
0
0
0
0
0
0
0
0
0
50.6651880931854
101.367064285278
140.271990795136
164.728640136719
173.070340576172
164.728640136719
140.271990795136
101.367064285278
50.6651880931854
0
0
0
0
0
0
0
0
0
0
0
0
0
0
0
36.7545977210999
72.8576875019073
100.560553703308
117.97529335022
123.91514799118
117.97529335022
100.560553703308
72.8576875019073
36.7545977210999
0
0
0
0
0
0
0
0
0
0
0
0
0
0
0
11.1499264240265
21.8996963024139
30.1482818412781
35.3335593032837
37.1021627616882
35.3335593032837
30.1482818412781
21.8996963024139
11.1499264240265
0
0
0
0
0
0
0
0
0
0
0
0
0
0
0
46.3704970169067
90.2486265182495
123.917510185242
145.082638225555
152.301686325073
145.082638225555
123.917510185242
90.2486265182495
46.3704970169067
0
0
0
0
0
0
0
0
0
0
0
0
0
0
0
65.9321441936493
127.163774986267
174.148459892273
203.684271011353
213.758392372131
203.684271011353
174.148459892273
127.163774986267
65.9321441936493
0
0
0
0
0
0
0
0
0
0
0
0
0
0
0
63.103734960556
120.622092571259
164.757492027283
192.502167320251
201.965360794067
192.502167320251
164.757492027283
120.622092571259
63.103734960556
0
0
0
0
0
0
0
0
0
0
0
0
0
0
0
21.291984834671
40.339928894043
54.9559349155426
64.1439327812195
67.2777885246277
64.1439327812195
54.9559349155426
40.339928894043
21.291984834671
0
0
0
0
0
0
0
0
0
0
0
0
0
0
0
31.9985248184204
60.0953195667267
81.6547378921509
95.2075604629517
99.8301824760437
95.2075604629517
81.6547378921509
60.0953195667267
31.9985248184204
0
0
0
0
0
0
0
0
0
0
0
0
0
0
0
70.4906077957153
131.244347553253
177.862334518433
207.167609443665
217.163107223511
207.167609443665
177.862334518433
131.244347553253
70.4906077957153
0
0
0
0
0
0
0
0
0
0
0
0
0
0
1.21167834579945
81.9613001251221
151.302591552734
204.51004524231
237.957614860535
249.36598361969
237.957614860535
204.51004524231
151.302591552734
81.9613001251221
1.21167834579945
0
0
0
0
0
0
0
0
0
0
0
0
0
3.03711937487125
92.5168035125732
169.354774932861
228.314633140564
265.378347053528
278.020077476501
265.378347053528
228.314633140564
169.354774932861
92.5168035125732
3.03711937487125
0
0
0
0
0
0
0
0
0
0
0
0
0
4.84632059216499
96.0391486549377
174.348226547241
234.436882286072
272.210213241577
285.093985748291
272.210213241577
234.436882286072
174.348226547241
96.0391486549377
4.84632059216499
0
0
0
0
0
0
0
0
0
0
0
0
0
6.67546235561371
98.6214538764954
177.577267379761
238.162210502625
276.247525405884
289.237709960938
276.247525405884
238.162210502625
177.577267379761
98.6214538764954
6.67546235561371
0
0
0
0
0
0
0
0
0
0
0
0
0
8.08686785936356
95.6942421722412
170.92442237854
228.650587692261
264.938752326965
277.315969314575
264.938752326965
228.650587692261
170.92442237854
95.6942421722412
8.08686785936356
0
0
0
0
0
0
0
0
0
0
0
0
0
9.75932849407196
96.7002143287659
171.358089828491
228.645078811646
264.657189254761
276.940249710083
264.657189254761
228.645078811646
171.358089828491
96.7002143287659
9.75932849407196
0
0
0
0
0
0
0
0
0
0
0
0
0
12.4490263795853
106.455936336517
187.18151260376
249.124429664612
288.063411865234
301.344730300903
288.063411865234
249.124429664612
187.18151260376
106.455936336517
12.4490263795853
0
0
0
0
0
0
0
0
0
0
0
0
0
13.6456411075592
102.936912212372
179.61309513092
238.448776893616
275.434442520142
288.049587364197
275.434442520142
238.448776893616
179.61309513092
102.936912212372
13.6456411075592
0
0
0
0
0
0
0
0
0
0
0
0
0
14.9282144212723
101.004951267242
174.92073173523
231.6383360672
267.29249130249
279.453467292786
267.29249130249
231.6383360672
174.92073173523
101.004951267242
14.9282144212723
0
0
0
0
0
0
0
0
0
0
0
0
0
15.1060861086845
92.8762666893005
159.659057884216
210.903292961121
243.116786155701
254.104196243286
243.116786155701
210.903292961121
159.659057884216
92.8762666893005
15.1060861086845
0
0
0
0
0
0
0
0
0
0
0
0
0
17.2564443159103
97.4270030403137
166.271056976318
219.096950950623
252.304692497253
263.631229972839
252.304692497253
219.096950950623
166.271056976318
97.4270030403137
17.2564443159103
0
0
0
0
0
0
0
0
0
0
0
0
0
19.3511416912079
101.19477230072
171.475519638062
225.40385219574
259.304579544067
270.867528190613
259.304579544067
225.40385219574
171.475519638062
101.19477230072
19.3511416912079
0
0
0
0
0
0
0
0
0
0
0
0
0
18.1054994511604
88.3326169204712
148.638036651611
194.911988792419
224.001040153503
233.922760772705
224.001040153503
194.911988792419
148.638036651611
88.3326169204712
18.1054994511604
0
0
0
0
0
0
0
0
0
0
0
0
0
16.532609436512
75.7133142662048
126.53297328949
165.52826461792
190.041719932556
198.402788619995
190.041719932556
165.52826461792
126.53297328949
75.7133142662048
16.532609436512
0
0
0
0
0
0
0
0
0
0
0
0
0
17.7579431271553
76.7414352607727
127.391722354889
166.257058143616
190.688821640015
199.022049560547
190.688821640015
166.257058143616
127.391722354889
76.7414352607727
17.7579431271553
0
0
0
0
0
0
0
0
0
0
0
0
0
23.2156606674194
95.1061953163147
156.840027694702
204.210037879944
233.988100280762
244.144837417603
233.988100280762
204.210037879944
156.840027694702
95.1061953163147
23.2156606674194
0
0
0
0
0
0
0
0
0
0
0
0
0
27.8942889070511
108.760487632751
178.201880302429
231.486161956787
264.982038879395
276.40686454773
264.982038879395
231.486161956787
178.201880302429
108.760487632751
27.8942889070511
0
0
0
0
0
0
0
0
0
0
0
0
0
30.9451257324219
115.241659526825
187.628760490418
243.173321914673
278.090106506348
289.999591636658
278.090106506348
243.173321914673
187.628760490418
115.241659526825
30.9451257324219
0
0
0
0
0
0
0
0
0
0
0
0
0
20.3346163463593
72.5566690158844
117.400792064667
151.810855522156
173.441963386536
180.81992351532
173.441963386536
151.810855522156
117.400792064667
72.5566690158844
20.3346163463593
0
0
0
0
0
0
0
0
0
0
0
0
0
13.9963877010345
47.9843549728394
77.1704916381836
99.565808506012
113.644084148407
118.445927829742
113.644084148407
99.565808506012
77.1704916381836
47.9843549728394
13.9963877010345
0
0
0
0
0
0
0
0
0
0
0
0
0
26.067068605423
86.0822043228149
137.61839263916
177.163491172791
202.022576446533
210.501545639038
202.022576446533
177.163491172791
137.61839263916
86.0822043228149
26.067068605423
0
0
0
0
0
0
0
0
0
0
0
0
0
24.6521383333206
78.5963590431213
124.919333248138
160.464173812866
182.808611984253
190.429904251099
182.808611984253
160.464173812866
124.919333248138
78.5963590431213
24.6521383333206
0
0
0
0
0
0
0
0
0
0
0
0
0
24.8303488779068
76.5869076728821
121.031283855438
155.134645614624
176.572925224304
183.885127449036
176.572925224304
155.134645614624
121.031283855438
76.5869076728821
24.8303488779068
0
0
0
0
0
0
0
0
0
0
0
0
0
34.4853573036194
103.097428092957
162.015969696045
207.225766487122
235.645820083618
245.339375419617
235.645820083618
207.225766487122
162.015969696045
103.097428092957
34.4853573036194
0
0
0
0
0
0
0
0
0
0
0
0
0
33.6954823207855
97.8077259635925
152.86218006134
195.106943893433
221.663113059998
230.720915679932
221.663113059998
195.106943893433
152.86218006134
97.8077259635925
33.6954823207855
0
0
0
0
0
0
0
0
0
0
0
0
0
17.5636243367195
49.578042755127
77.0694577217102
98.1643736839295
111.42516456604
115.948182182312
111.42516456604
98.1643736839295
77.0694577217102
49.578042755127
17.5636243367195
0
0
0
0
0
0
0
0
0
0
0
0
0
30.5604803466797
84.0116845703125
129.911303043365
165.131311416626
187.271537475586
194.823149375916
187.271537475586
165.131311416626
129.911303043365
84.0116845703125
30.5604803466797
0
0
0
0
0
0
0
0
0
0
0
0
0
37.0628989124298
99.358406124115
152.852783584595
193.90048160553
219.704130706787
228.505282249451
219.704130706787
193.90048160553
152.852783584595
99.358406124115
37.0628989124298
0
0
0
0
0
0
0
0
0
0
0
0
0
30.6381276702881
80.1957126045227
122.751780490875
155.406219482422
175.933651008606
182.935176773071
175.933651008606
155.406219482422
122.751780490875
80.1957126045227
30.6381276702881
0
0
0
0
0
0
0
0
0
0
0
0
0
45.6061267566681
116.690181331635
177.731463737488
224.57011100769
254.014101638794
264.056895599365
254.014101638794
224.57011100769
177.731463737488
116.690181331635
45.6061267566681
0
0
0
0
0
0
0
0
0
0
0
0
0
55.8499599933624
139.83624879837
211.956918678284
267.297058792114
302.085326080322
313.950966796875
302.085326080322
267.297058792114
211.956918678284
139.83624879837
55.8499599933624
0
0
0
0
0
0
0
0
0
0
0
0
0
52.136665019989
127.866627960205
192.897464370728
242.797323379517
274.165726394653
284.864896507263
274.165726394653
242.797323379517
192.897464370728
127.866627960205
52.136665019989
0
0
0
0
0
0
0
0
0
0
0
0
0
61.1125796985626
146.948170089722
220.656922988892
277.215641441345
312.769904632568
324.896833648682
312.769904632568
277.215641441345
220.656922988892
146.948170089722
61.1125796985626
0
0
0
0
0
0
0
0
0
0
0
0
0
30.2846157407761
71.4581136703491
106.814623737335
133.944605579376
150.999219589233
156.816248855591
150.999219589233
133.944605579376
106.814623737335
71.4581136703491
30.2846157407761
0
0
0
0
0
0
0
0
0
0
0
0
0
26.9758007383347
62.5103491973877
93.0245706367493
116.438943252563
131.157835464478
136.17817773819
131.157835464478
116.438943252563
93.0245706367493
62.5103491973877
26.9758007383347
0
0
0
0
0
0
0
0
0
0
0
0
0
30.312861828804
69.0371436882019
102.290438098907
127.806588134766
143.846722602844
149.317703514099
143.846722602844
127.806588134766
102.290438098907
69.0371436882019
30.312861828804
0
0
0
0
0
0
0
0
0
0
0
0
0
37.939242401123
84.9831739234924
125.380728149414
156.378850708008
175.865103797913
182.511498527527
175.865103797913
156.378850708008
125.380728149414
84.9831739234924
37.939242401123
0
0
0
0
0
0
0
0
0
0
0
0
0
66.7275411319733
147.105731048584
216.128100128174
269.090792160034
302.384548950195
313.740409011841
302.384548950195
269.090792160034
216.128100128174
147.105731048584
66.7275411319733
0
0
0
0
0
0
0
0
0
0
0
0
0
95.0950555229187
206.460711975098
302.092648010254
375.473552780151
421.602757339478
437.336538772583
421.602757339478
375.473552780151
302.092648010254
206.460711975098
95.0950555229187
0
0
0
0
0
0
0
0
0
0
0
0
0
101.78853723526
217.767183876038
317.360371170044
393.780853118897
441.82083732605
458.20637512207
441.82083732605
393.780853118897
317.360371170044
217.767183876038
101.78853723526
0
0
0
0
0
0
0
0
0
0
0
0
0
91.5193038749695
193.047877731323
280.232468338013
347.131547470093
389.186098022461
403.530107421875
389.186098022461
347.131547470093
280.232468338013
193.047877731323
91.5193038749695
0
0
0
0
0
0
0
0
0
0
0
0
0
82.2723601150513
171.197059669495
247.558443183899
306.152588424683
342.986393737793
355.549744644165
342.986393737793
306.152588424683
247.558443183899
171.197059669495
82.2723601150513
0
0
0
0
0
0
0
0
0
0
0
0
0
92.0891069221497
189.129581794739
272.46016998291
336.401956481934
376.597469024658
390.307399291992
376.597469024658
336.401956481934
272.46016998291
189.129581794739
92.0891069221497
0
0
0
0
0
0
0
0
0
0
0
0
0
98.4115585517883
199.578394203186
286.452378082275
353.113145828247
395.017806015015
409.310736236572
395.017806015015
353.113145828247
286.452378082275
199.578394203186
98.4115585517883
0
0
0
0
0
0
0
0
0
0
0
0
0
90.7038326454163
181.721392555237
259.879961204529
319.853139648438
357.553861465454
370.412878875732
357.553861465454
319.853139648438
259.879961204529
181.721392555237
90.7038326454163
0
0
0
0
0
0
0
0
0
0
0
0
0
31.5408693313599
62.4530594539642
88.9979711532593
109.366595249176
122.170846366882
126.538142223358
122.170846366882
109.366595249176
88.9979711532593
62.4530594539642
31.5408693313599
0
0
0
0
0
0
0
0
0
0
0
0
0
73.3341577339172
143.569927501678
203.882765045166
250.162400398254
279.255025558472
289.177983932495
279.255025558472
250.162400398254
203.882765045166
143.569927501678
73.3341577339172
0
0
0
0
0
0
0
0
0
0
0
0
0
65.8163618183136
127.44913848877
180.374401512146
220.985398712158
246.514545173645
255.22204574585
246.514545173645
220.985398712158
180.374401512146
127.44913848877
65.8163618183136
0
0
0
0
0
0
0
0
0
0
0
0
0.691904128193855
40.8346385765076
78.2416899871826
110.363876972198
135.01209066391
150.506610603333
155.791492462158
150.506610603333
135.01209066391
110.363876972198
78.2416899871826
40.8346385765076
0.691904128193855
0
0
0
0
0
0
0
0
0
0
0
2.28015058338642
60.2258242511749
114.222568912506
160.590651435852
196.17012298584
218.536300315857
226.165001678467
218.536300315857
196.17012298584
160.590651435852
114.222568912506
60.2258242511749
2.28015058338642
0
0
0
0
0
0
0
0
0
0
0
5.21423504114151
90.0779035186768
169.158198547363
237.066030426025
289.173538475037
321.929708709717
333.102206726074
321.929708709717
289.173538475037
237.066030426025
169.158198547363
90.0779035186768
5.21423504114151
0
0
0
0
0
0
0
0
0
0
0
7.10549825906754
92.1902105712891
171.476495895386
239.561204681397
291.804429931641
324.645900650024
335.847512054443
324.645900650024
291.804429931641
239.561204681397
171.476495895386
92.1902105712891
7.10549825906754
0
0
0
0
0
0
0
0
0
0
0
9.88764967441559
103.563739147186
190.855901107788
265.815413970947
323.33388053894
359.491488189697
371.824198303223
359.491488189697
323.33388053894
265.815413970947
190.855901107788
103.563739147186
9.88764967441559
0
0
0
0
0
0
0
0
0
0
0
12.2390950989723
108.186430892944
197.595040283203
274.371995620728
333.285010910034
370.319297637939
382.95102142334
370.319297637939
333.285010910034
274.371995620728
197.595040283203
108.186430892944
12.2390950989723
0
0
0
0
0
0
0
0
0
0
0
13.2615001940727
101.946202793121
184.587161064148
255.552561149597
310.006224746704
344.237258300781
355.912807769775
344.237258300781
310.006224746704
255.552561149597
184.587161064148
101.946202793121
13.2615001940727
0
0
0
0
0
0
0
0
0
0
0
13.4350201272964
91.7860313224793
164.797501144409
227.493914527893
275.602550544739
305.844927902222
316.159993057251
305.844927902222
275.602550544739
227.493914527893
164.797501144409
91.7860313224793
13.4350201272964
0
0
0
0
0
0
0
0
0
0
0
14.6507448744774
90.417057056427
161.019978027344
221.648103103638
268.1697108078
297.414388046265
307.389227523804
297.414388046265
268.1697108078
221.648103103638
161.019978027344
90.417057056427
14.6507448744774
0
0
0
0
0
0
0
0
0
0
0
16.2711043119431
91.8739729309082
162.324571609497
222.821913070679
269.243140602112
298.424744644165
308.378071594238
298.424744644165
269.243140602112
222.821913070679
162.324571609497
91.8739729309082
16.2711043119431
0
0
0
0
0
0
0
0
0
0
0
17.5468449139595
91.5777485656738
160.563525428772
219.802976760864
265.259017028809
293.833859710693
303.580220108032
293.833859710693
265.259017028809
219.802976760864
160.563525428772
91.5777485656738
17.5468449139595
0
0
0
0
0
0
0
0
0
0
0
15.9703288006783
77.6863651847839
135.196524848938
184.581634750366
222.476161079407
246.297641716003
254.422735061646
246.297641716003
222.476161079407
184.581634750366
135.196524848938
77.6863651847839
15.9703288006783
0
0
0
0
0
0
0
0
0
0
0
11.8395258331299
54.0532106876373
93.3900918388367
127.169440765381
153.089247055054
169.383121261597
174.940657844543
169.383121261597
153.089247055054
127.169440765381
93.3900918388367
54.0532106876373
11.8395258331299
0
0
0
0
0
0
0
0
0
0
0
21.251108417511
91.5949725341797
157.144986076355
213.434083175659
256.626217575073
283.777938575745
293.038872451782
283.777938575745
256.626217575073
213.434083175659
157.144986076355
91.5949725341797
21.251108417511
0
0
0
0
0
0
0
0
0
0
0
19.1599390792847
78.3544738578796
133.514973907471
180.882369117737
217.228673362732
240.076895179749
247.870008735657
240.076895179749
217.228673362732
180.882369117737
133.514973907471
78.3544738578796
19.1599390792847
0
0
0
0
0
0
0
0
0
0
0
20.9054218006134
81.4682117271423
137.903712558746
186.366006507874
223.552415046692
246.928774642944
254.902025108337
246.928774642944
223.552415046692
186.366006507874
137.903712558746
81.4682117271423
20.9054218006134
0
0
0
0
0
0
0
0
0
0
0
27.0057160520554
100.666198692322
169.306816291809
228.249851493835
273.478423805237
301.910297088623
311.607914352417
301.910297088623
273.478423805237
228.249851493835
169.306816291809
100.666198692322
27.0057160520554
0
0
0
0
0
0
0
0
0
0
0
27.1048737239838
96.9647016143799
162.0636668396
217.96543384552
260.860367622376
287.825239944458
297.022455596924
287.825239944458
260.860367622376
217.96543384552
162.0636668396
96.9647016143799
27.1048737239838
0
0
0
0
0
0
0
0
0
0
0
36.6961181640625
126.3568983078
209.907388458252
281.653864135742
336.706862564087
371.31459197998
383.118693618774
371.31459197998
336.706862564087
281.653864135742
209.907388458252
126.3568983078
36.6961181640625
0
0
0
0
0
0
0
0
0
0
0
30.2313988208771
100.457985668182
165.898719406128
222.093956336975
265.214074325562
292.320521392822
301.566026916504
292.320521392822
265.214074325562
222.093956336975
165.898719406128
100.457985668182
30.2313988208771
0
0
0
0
0
0
0
0
0
0
0
29.2795980501175
94.1140738105774
154.530167999268
206.410661354065
246.219959526062
271.245113143921
279.780740127563
271.245113143921
246.219959526062
206.410661354065
154.530167999268
94.1140738105774
29.2795980501175
0
0
0
0
0
0
0
0
0
0
0
37.5145312404633
116.887254562378
190.850810623169
254.364752349854
303.100738296509
333.737471313477
344.187085647583
333.737471313477
303.100738296509
254.364752349854
190.850810623169
116.887254562378
37.5145312404633
0
0
0
0
0
0
0
0
0
0
0
41.3347830486298
125.08016292572
203.118390426636
270.131377868652
321.552210922241
353.876718521118
364.902010879517
353.876718521118
321.552210922241
270.131377868652
203.118390426636
125.08016292572
41.3347830486298
0
0
0
0
0
0
0
0
0
0
0
38.6895266628265
113.899793834686
183.98458366394
244.167762031555
290.347941169739
319.37801612854
329.279636306763
319.37801612854
290.347941169739
244.167762031555
183.98458366394
113.899793834686
38.6895266628265
0
0
0
0
0
0
0
0
0
0
0
43.7478601646423
125.495429668427
201.671978034973
267.086309242249
317.280492401123
348.833861312866
359.596122055054
348.833861312866
317.280492401123
267.086309242249
201.671978034973
125.495429668427
43.7478601646423
0
0
0
0
0
0
0
0
0
0
0
41.9020626449585
117.293752422333
187.547591667175
247.875953445435
294.167530517578
323.267634506226
333.193138122559
323.267634506226
294.167530517578
247.875953445435
187.547591667175
117.293752422333
41.9020626449585
0
0
0
0
0
0
0
0
0
0
0
43.0799650478363
117.830789833069
187.48742980957
247.302960128784
293.201035766602
322.053763122559
331.894890213013
322.053763122559
293.201035766602
247.302960128784
187.48742980957
117.830789833069
43.0799650478363
0
0
0
0
0
0
0
0
0
0
0
39.3485482978821
105.289727230072
166.737080383301
219.503126296997
259.99195186615
285.444287796021
294.125621185303
285.444287796021
259.99195186615
219.503126296997
166.737080383301
105.289727230072
39.3485482978821
0
0
0
0
0
0
0
0
0
0
0
24.270574259758
63.6063723754883
100.261487731934
131.737950229645
155.890687179565
171.073737449646
176.252399024963
171.073737449646
155.890687179565
131.737950229645
100.261487731934
63.6063723754883
24.270574259758
0
0
0
0
0
0
0
0
0
0
0
42.1744340801239
108.364379940033
170.043541908264
223.008674583435
263.650249557495
289.198607368469
297.912662811279
289.198607368469
263.650249557495
223.008674583435
170.043541908264
108.364379940033
42.1744340801239
0
0
0
0
0
0
0
0
0
0
0
42.0199457168579
105.957147293091
165.537103233337
216.699576759338
255.957934570313
280.636778335571
289.054260749817
280.636778335571
255.957934570313
216.699576759338
165.537103233337
105.957147293091
42.0199457168579
0
0
0
0
0
0
0
0
0
0
0
38.6486284542084
95.7278097343445
148.917106781006
194.591793823242
229.639222564697
251.670962028503
259.185580749512
251.670962028503
229.639222564697
194.591793823242
148.917106781006
95.7278097343445
38.6486284542084
0
0
0
0
0
0
0
0
0
0
0
64.0390374183655
155.934897689819
241.568180541992
315.103159637451
371.528531799316
406.998993759155
419.097332382202
406.998993759155
371.528531799316
315.103159637451
241.568180541992
155.934897689819
64.0390374183655
0
0
0
0
0
0
0
0
0
0
0
61.1702050304413
146.546248435974
226.104037895203
294.42188041687
346.843969955444
379.797884597778
391.037848968506
379.797884597778
346.843969955444
294.42188041687
226.104037895203
146.546248435974
61.1702050304413
0
0
0
0
0
0
0
0
0
0
0
44.6989222049713
105.435738716125
162.033420295715
210.634944229126
247.92823551178
271.371782531738
279.367905311584
271.371782531738
247.92823551178
210.634944229126
162.033420295715
105.435738716125
44.6989222049713
0
0
0
0
0
0
0
0
0
0
0
56.278868188858
130.795399932861
200.233706932068
259.861778411865
305.615995559692
334.37831451416
344.188584899902
334.37831451416
305.615995559692
259.861778411865
200.233706932068
130.795399932861
56.278868188858
0
0
0
0
0
0
0
0
0
0
0
70.6827866649628
161.956871261597
247.010745391846
320.048181915283
376.091767730713
411.322244720459
423.338717193604
411.322244720459
376.091767730713
320.048181915283
247.010745391846
161.956871261597
70.6827866649628
0
0
0
0
0
0
0
0
0
0
0
68.1233537578583
153.987752456665
234.000582427979
302.709224243164
355.431199111938
388.573601150513
399.877859039307
388.573601150513
355.431199111938
302.709224243164
234.000582427979
153.987752456665
68.1233537578583
0
0
0
0
0
0
0
0
0
0
0
65.2423181533813
145.571002235413
220.42535823822
284.704319610596
334.027245407104
365.033003692627
375.608450622559
365.033003692627
334.027245407104
284.704319610596
220.42535823822
145.571002235413
65.2423181533813
0
0
0
0
0
0
0
0
0
0
0
42.7176689815521
94.1337471389771
142.045867786407
183.188968811035
214.759178161621
234.605025177002
241.374079666138
234.605025177002
214.759178161621
183.188968811035
142.045867786407
94.1337471389771
42.7176689815521
0
0
0
0
0
0
0
0
0
0
0
57.1618057727814
124.468816642761
187.18893913269
241.047957420349
282.375405464172
308.354920349121
317.216094284058
308.354920349121
282.375405464172
241.047957420349
187.18893913269
124.468816642761
57.1618057727814
0
0
0
0
0
0
0
0
0
0
0
72.783396062851
156.681002349854
234.861083526611
301.995859069824
353.51020362854
385.893460998535
396.938801498413
385.893460998535
353.51020362854
301.995859069824
234.861083526611
156.681002349854
72.783396062851
0
0
0
0
0
0
0
0
0
0
0
61.5797231864929
131.115211372375
195.911955223084
251.554177246094
294.249954528809
321.08967414856
330.244178543091
321.08967414856
294.249954528809
251.554177246094
195.911955223084
131.115211372375
61.5797231864929
0
0
0
0
0
0
0
0
0
0
0
66.5320848274231
140.17475730896
208.798761100769
267.727570838928
312.945247421265
341.370234603882
351.065480957031
341.370234603882
312.945247421265
267.727570838928
208.798761100769
140.17475730896
66.5320848274231
0
0
0
0
0
0
0
0
0
0
0
76.07014503479
158.656912307739
235.615486373901
301.701343154907
352.410798416138
384.288110427856
395.160862579346
384.288110427856
352.410798416138
301.701343154907
235.615486373901
158.656912307739
76.07014503479
0
0
0
0
0
0
0
0
0
0
0
61.584743938446
127.203234958649
188.349900856018
240.857744140625
281.148424339294
306.476182861328
315.115049057007
306.476182861328
281.148424339294
240.857744140625
188.349900856018
127.203234958649
61.584743938446
0
0
0
0
0
0
0
0
0
0
0
41.4943793296814
84.9103730201721
125.367618408203
160.109060211182
186.767108802795
203.525036468506
209.240866203308
203.525036468506
186.767108802795
160.109060211182
125.367618408203
84.9103730201721
41.4943793296814
0
0
0
0
0
0
0
0
0
0
0
82.7446768951416
167.809690818787
247.077584152222
315.146533355713
367.377659988403
400.211494979858
411.410526275635
400.211494979858
367.377659988403
315.146533355713
247.077584152222
167.809690818787
82.7446768951416
0
0
0
0
0
0
0
0
0
0
0
85.142887878418
171.191742553711
251.376446113586
320.232659683228
373.067880401611
406.281479492188
417.610039215088
406.281479492188
373.067880401611
320.232659683228
251.376446113586
171.191742553711
85.142887878418
0
0
0
0
0
0
0
0
0
0
0.455934132114053
76.709131603241
152.962368469238
224.019031181335
285.036804962158
331.857374038696
361.289998245239
371.328922042847
361.289998245239
331.857374038696
285.036804962158
224.019031181335
152.962368469238
76.709131603241
0.455934132114053
0
0
0
0
0
0
0
0
0
1.6583414041996
76.2326657295227
150.807018928528
220.299211845398
279.973550949097
325.763262023926
354.547895431519
364.365766677856
354.547895431519
325.763262023926
279.973550949097
220.299211845398
150.807018928528
76.2326657295227
1.6583414041996
0
0
0
0
0
0
0
0
0
3.03603606700897
82.4283608055115
161.820718231201
235.802579116821
299.332280426025
348.080295257568
378.724594268799
389.176788711548
378.724594268799
348.080295257568
299.332280426025
235.802579116821
161.820718231201
82.4283608055115
3.03603606700897
0
0
0
0
0
0
0
0
0
2.90885594189167
56.7946284198761
110.680428409576
160.893971099854
204.01333946228
237.099990234375
257.899117660522
264.993318138123
257.899117660522
237.099990234375
204.01333946228
160.893971099854
110.680428409576
56.7946284198761
2.90885594189167
0
0
0
0
0
0
0
0
0
3.46023240447044
53.2807514381409
103.101289539337
149.526622581482
189.39296207428
219.983479766846
239.213500175476
245.772502441406
239.213500175476
219.983479766846
189.39296207428
149.526622581482
103.101289539337
53.2807514381409
3.46023240447044
0
0
0
0
0
0
0
0
0
5.41011192083359
69.3220147037506
133.233951263428
192.790354995728
243.932606048584
283.17544834137
307.84451210022
316.258699645996
307.84451210022
283.17544834137
243.932606048584
192.790354995728
133.233951263428
69.3220147037506
5.41011192083359
0
0
0
0
0
0
0
0
0
7.12995862603188
78.7427802085876
150.355621948242
217.088144607544
274.392671356201
318.363998565674
346.005504379273
355.43353515625
346.005504379273
318.363998565674
274.392671356201
217.088144607544
150.355621948242
78.7427802085876
7.12995862603188
0
0
0
0
0
0
0
0
0
9.19400903940201
89.7123561668396
170.230721817017
245.261850128174
309.692602081299
359.13205116272
390.21092414856
400.811405105591
390.21092414856
359.13205116272
309.692602081299
245.261850128174
170.230721817017
89.7123561668396
9.19400903940201
0
0
0
0
0
0
0
0
0
10.5458966231346
92.6081358718872
174.6704088974
251.140244140625
316.806414871216
367.19377494812
398.868653030396
409.672334976196
398.868653030396
367.19377494812
316.806414871216
251.140244140625
174.6704088974
92.6081358718872
10.5458966231346
0
0
0
0
0
0
0
0
0
10.8718358206749
87.1480158233643
163.42422088623
234.502308959961
295.538474731445
342.373129806519
371.814644927979
381.856602096558
371.814644927979
342.373129806519
295.538474731445
234.502308959961
163.42422088623
87.1480158233643
10.8718358206749
0
0
0
0
0
0
0
0
0
10.9806111526489
81.2595105743408
151.538444862366
217.027965316772
273.265111579895
316.417376327515
343.544011001587
352.796385192871
343.544011001587
316.417376327515
273.265111579895
217.027965316772
151.538444862366
81.2595105743408
10.9806111526489
0
0
0
0
0
0
0
0
0
9.71194405794144
66.9636690139771
124.215416851044
177.565517425537
223.378310012817
258.531697540283
280.630049133301
288.167383270264
280.630049133301
258.531697540283
223.378310012817
177.565517425537
124.215416851044
66.9636690139771
9.71194405794144
0
0
0
0
0
0
0
0
0
11.846294260025
76.6851348495483
141.524005947113
201.944179496765
253.82817691803
293.640177230835
318.667056732178
327.203241577148
318.667056732178
293.640177230835
253.82817691803
201.944179496765
141.524005947113
76.6851348495483
11.846294260025
0
0
0
0
0
0
0
0
0
12.271667881012
75.0616276359558
137.851604824066
196.362532844543
246.607010688782
285.160963973999
309.396970443726
317.663429336548
309.396970443726
285.160963973999
246.607010688782
196.362532844543
137.851604824066
75.0616276359558
12.271667881012
0
0
0
0
0
0
0
0
0
14.7817507624626
85.9035840988159
157.025429420471
223.300436058044
280.212054100037
323.881909561157
351.333881988525
360.697270584106
351.333881988525
323.881909561157
280.212054100037
223.300436058044
157.025429420471
85.9035840988159
14.7817507624626
0
0
0
0
0
0
0
0
0
16.742365295887
92.8823508644104
169.022376747131
239.973533935547
300.900707550049
347.651753158569
377.040689849854
387.064725723267
377.040689849854
347.651753158569
300.900707550049
239.973533935547
169.022376747131
92.8823508644104
16.742365295887
0
0
0
0
0
0
0
0
0
17.942416536808
95.4175080871582
172.892644309998
245.087936859131
307.083449783325
354.654307479858
384.558568572998
394.758365631104
384.558568572998
354.654307479858
307.083449783325
245.087936859131
172.892644309998
95.4175080871582
17.942416536808
0
0
0
0
0
0
0
0
0
18.6886704683304
95.6188175773621
172.549001731873
244.236466140747
305.795905838013
353.03215133667
382.726098709106
392.854140853882
382.726098709106
353.03215133667
305.795905838013
244.236466140747
172.549001731873
95.6188175773621
18.6886704683304
0
0
0
0
0
0
0
0
0
18.9415298318863
93.5417865371704
168.14207157135
237.658444290161
297.353511428833
343.159156417847
371.953796463013
381.775084609985
371.953796463013
343.159156417847
297.353511428833
237.658444290161
168.14207157135
93.5417865371704
18.9415298318863
0
0
0
0
0
0
0
0
0
18.1907040524483
86.9616116905213
155.732550926209
219.816836128235
274.847258605957
317.073595581055
343.618206558228
352.672051849365
343.618206558228
317.073595581055
274.847258605957
219.816836128235
155.732550926209
86.9616116905213
18.1907040524483
0
0
0
0
0
0
0
0
0
17.0636149716377
79.1720980834961
141.280612792969
199.156494140625
248.855662536621
286.991184959412
310.964177246094
319.140925064087
310.964177246094
286.991184959412
248.855662536621
199.156494140625
141.280612792969
79.1720980834961
17.0636149716377
0
0
0
0
0
0
0
0
0
17.2392159891129
77.8164427566528
138.393697853088
194.842691955566
243.316535377502
280.511852264404
303.893773040772
311.868923721313
303.893773040772
280.511852264404
243.316535377502
194.842691955566
138.393697853088
77.8164427566528
17.2392159891129
0
0
0
0
0
0
0
0
0
19.1372977542877
84.2221464729309
149.307034416199
209.95646282196
262.037315559387
302.000356826782
327.122177352905
335.69075302124
327.122177352905
302.000356826782
262.037315559387
209.95646282196
149.307034416199
84.2221464729309
19.1372977542877
0
0
0
0
0
0
0
0
0
20.4040591859818
87.7232231521607
155.042424163818
217.773878211975
271.642659072876
312.977603378296
338.961842651367
347.824585571289
338.961842651367
312.977603378296
271.642659072876
217.773878211975
155.042424163818
87.7232231521607
20.4040591859818
0
0
0
0
0
0
0
0
0
19.979313158989
84.0666513442993
148.154022216797
207.87391418457
259.156554527283
298.507098922729
323.243890533447
331.681159591675
323.243890533447
298.507098922729
259.156554527283
207.87391418457
148.154022216797
84.0666513442993
19.979313158989
0
0
0
0
0
0
0
0
0
22.9044437789917
94.4803882217407
166.056367530823
232.754529418945
290.029559249878
333.978223342896
361.605503692627
371.028653182983
361.605503692627
333.978223342896
290.029559249878
232.754529418945
166.056367530823
94.4803882217407
22.9044437789917
0
0
0
0
0
0
0
0
0
23.8369068098068
96.5456170082092
169.254359893799
237.008082580566
295.189532470703
339.833745040894
367.898249206543
377.470556869507
367.898249206543
339.833745040894
295.189532470703
237.008082580566
169.254359893799
96.5456170082092
23.8369068098068
0
0
0
0
0
0
0
0
0
24.9299619913101
99.2892574691773
173.64858127594
242.940397377014
302.442636260986
348.100343399048
376.801960067749
386.591554718018
376.801960067749
348.100343399048
302.442636260986
242.940397377014
173.64858127594
99.2892574691773
24.9299619913101
0
0
0
0
0
0
0
0
0
26.4830631828308
103.859074420929
181.235129241943
253.338078308105
315.254340057373
362.764321136475
392.630333862305
402.817090911865
392.630333862305
362.764321136475
315.254340057373
253.338078308105
181.235129241943
103.859074420929
26.4830631828308
0
0
0
0
0
0
0
0
0
27.7278871536255
107.213921699524
186.699991111755
260.769174728394
324.373873519897
373.179417800903
403.859908065796
414.32444519043
403.859908065796
373.179417800903
324.373873519897
260.769174728394
186.699991111755
107.213921699524
27.7278871536255
0
0
0
0
0
0
0
0
0
30.6932469844818
117.156928215027
203.620639953613
284.191958847046
353.380117340088
406.470071487427
439.843846511841
451.227006912231
439.843846511841
406.470071487427
353.380117340088
284.191958847046
203.620639953613
117.156928215027
30.6932469844818
0
0
0
0
0
0
0
0
0
29.599627404213
111.662403812408
193.7252085495
270.195549354553
335.862121047974
386.249829788208
417.924917068481
428.728703613281
417.924917068481
386.249829788208
335.862121047974
270.195549354553
193.7252085495
111.662403812408
29.599627404213
0
0
0
0
0
0
0
0
0
25.278756070137
94.3525682449341
163.426400032043
227.792945632935
283.065758857727
325.478090286255
352.139608078003
361.233340454102
352.139608078003
325.478090286255
283.065758857727
227.792945632935
163.426400032043
94.3525682449341
25.278756070137
0
0
0
0
0
0
0
0
0
22.8529963254929
84.4849165916443
146.116869544983
203.548675842285
252.866493721008
290.709383010864
314.498437957764
322.612426376343
314.498437957764
290.709383010864
252.866493721008
203.548675842285
146.116869544983
84.4849165916443
22.8529963254929
0
0
0
0
0
0
0
0
0
20.7480177402496
76.0488940048218
131.349792060852
182.882005615234
227.133727874756
261.089265098572
282.43460849762
289.715117225647
282.43460849762
261.089265098572
227.133727874756
182.882005615234
131.349792060852
76.0488940048218
20.7480177402496
0
0
0
0
0
0
0
0
0
22.5424636888504
82.002015285492
141.461603927612
196.869088363647
244.4485754776
280.957618331909
303.908137969971
311.73615272522
303.908137969971
280.957618331909
244.4485754776
196.869088363647
141.461603927612
82.002015285492
22.5424636888504
0
0
0
0
0
0
0
0
0
22.6614014673233
81.88975440979
141.118135681152
196.310163612366
243.704649963379
280.07171710968
302.933031234741
310.730607681274
302.933031234741
280.07171710968
243.704649963379
196.310163612366
141.118135681152
81.88975440979
22.6614014673233
0
0
0
0
0
0
0
0
0
27.1788382911682
97.6548893928528
168.130984077454
233.804197807312
290.199096794128
333.472417449951
360.67516532898
369.953514938354
360.67516532898
333.472417449951
290.199096794128
233.804197807312
168.130984077454
97.6548893928528
27.1788382911682
0
0
0
0
0
0
0
0
0
23.7158988428116
84.8035774421692
145.891293087006
202.815942420959
251.698279800415
289.206975288391
312.785943145752
320.828316116333
312.785943145752
289.206975288391
251.698279800415
202.815942420959
145.891293087006
84.8035774421692
23.7158988428116
0
0
0
0
0
0
0
0
0
23.6261485433578
84.1513939666748
144.676663360596
201.077210693359
249.509458580017
286.672837905884
310.034710540772
318.003027420044
310.034710540772
286.672837905884
249.509458580017
201.077210693359
144.676663360596
84.1513939666748
23.6261485433578
0
0
0
0
0
0
0
0
0
23.5246591854095
83.5336409950256
143.542662029266
199.462132415771
247.481283988953
284.327658615112
307.490305023193
315.390632553101
307.490305023193
284.327658615112
247.481283988953
199.462132415771
143.542662029266
83.5336409950256
23.5246591854095
0
0
0
0
0
0
0
0
0
28.2594244003296
100.124881439209
171.990373344421
238.958296051025
296.465012664795
340.591425323486
368.330452270508
377.791745529175
368.330452270508
340.591425323486
296.465012664795
238.958296051025
171.990373344421
100.124881439209
28.2594244003296
0
0
0
0
0
0
0
0
0
34.9486960029602
123.656483383179
212.364314346313
295.026776428223
366.010690536499
420.47859703064
454.718486633301
466.3971043396
454.718486633301
420.47859703064
366.010690536499
295.026776428223
212.364314346313
123.656483383179
34.9486960029602
0
0
0
0
0
0
0
0
0
29.4014798545837
103.974586582184
178.547719459534
248.038796653748
307.712159500122
353.501138381958
382.285248794556
392.103015441895
382.285248794556
353.501138381958
307.712159500122
248.038796653748
178.547719459534
103.974586582184
29.4014798545837
0
0
0
0
0
0
0
0
0
33.2733730602264
117.703736915588
202.134148712158
280.810691604614
348.371812667847
400.213308029175
432.802172164917
443.917663726807
432.802172164917
400.213308029175
348.371812667847
280.810691604614
202.134148712158
117.703736915588
33.2733730602264
0
0
0
0
0
0
0
0
0
34.7760183095932
123.160806159973
211.545635414124
293.907113876343
364.632598724365
418.902150650024
453.017427978516
464.653508758545
453.017427978516
418.902150650024
364.632598724365
293.907113876343
211.545635414124
123.160806159973
34.7760183095932
0
0
0
0
0
0
0
0
0
34.6712384414673
123.034624900818
211.398063659668
293.739616012573
364.447946624756
418.704353942871
452.811367950439
464.444624557495
452.811367950439
418.704353942871
364.447946624756
293.739616012573
211.398063659668
123.034624900818
34.6712384414673
0
0
0
0
0
0
0
0
0
34.6494295501709
123.307157592773
211.964920501709
294.580731430054
365.524584121704
419.961738510132
454.182381896973
465.854375
454.182381896973
419.961738510132
365.524584121704
294.580731430054
211.964920501709
123.307157592773
34.6494295501709
0
0
0
0
0
0
0
0
0
26.211127576828
93.6236788368225
161.036260604858
223.854741020203
277.798205566406
319.190470123291
345.210761184692
354.085811920166
345.210761184692
319.190470123291
277.798205566406
223.854741020203
161.036260604858
93.6236788368225
26.211127576828
0
0
0
0
0
0
0
0
0
27.5787507724762
98.9605551147461
170.342381248474
236.859639167786
293.979322052002
337.808778152466
365.361130752563
374.758688354492
365.361130752563
337.808778152466
293.979322052002
236.859639167786
170.342381248474
98.9605551147461
27.5787507724762
0
0
0
0
0
0
0
0
0
29.234916844368
105.478615589142
181.722351379395
252.770175476074
313.780365829468
360.595077362061
390.024040603638
400.06174407959
390.024040603638
360.595077362061
313.780365829468
252.770175476074
181.722351379395
105.478615589142
29.234916844368
0
0
0
0
0
0
0
0
0
27.1388335323334
98.5429000282288
169.946997032166
236.48498298645
293.6225
337.46558883667
365.026553421021
374.427074661255
365.026553421021
337.46558883667
293.6225
236.48498298645
169.946997032166
98.5429000282288
27.1388335323334
0
0
0
0
0
0
0
0
0
28.6321738290787
104.729242210388
180.82635635376
251.737539291382
312.630369567871
359.355056228638
388.727431411743
398.745818939209
388.727431411743
359.355056228638
312.630369567871
251.737539291382
180.82635635376
104.729242210388
28.6321738290787
0
0
0
0
0
0
0
0
0
26.410746049881
97.4079747390747
168.405225219727
234.564092102051
291.37604473114
334.969368591309
362.373260345459
371.720226898193
362.373260345459
334.969368591309
291.37604473114
234.564092102051
168.405225219727
97.4079747390747
26.410746049881
0
0
0
0
0
0
0
0
0
23.4435622739792
87.2716954231262
151.09986125946
210.578199272156
261.653437232971
300.84485168457
325.481576919556
333.884711837769
325.481576919556
300.84485168457
261.653437232971
210.578199272156
151.09986125946
87.2716954231262
23.4435622739792
0
0
0
0
0
0
0
0
0
30.5254898023605
114.815758552551
199.106059989929
277.652080764771
345.101106567383
396.856586685181
429.391408004761
440.488420410156
429.391408004761
396.856586685181
345.101106567383
277.652080764771
199.106059989929
114.815758552551
30.5254898023605
0
0
0
0
0
0
0
0
0
27.6000235939026
105.005043621063
182.410089797974
254.54009513855
316.479542999268
364.007340774536
393.884580459595
404.075137939453
393.884580459595
364.007340774536
316.479542999268
254.54009513855
182.410089797974
105.005043621063
27.6000235939026
0
0
0
0
0
0
0
0
0
28.129797911644
108.373811283112
188.617848625183
263.393354415894
327.604587936401
376.875562896729
407.848581695557
418.412941131592
407.848581695557
376.875562896729
327.604587936401
263.393354415894
188.617848625183
108.373811283112
28.129797911644
0
0
0
0
0
0
0
0
0
27.9314302682877
109.101027107239
190.270669708252
265.908681411743
330.860545578003
380.699841766357
412.03017074585
422.716353149414
412.03017074585
380.699841766357
330.860545578003
265.908681411743
190.270669708252
109.101027107239
27.9314302682877
0
0
0
0
0
0
0
0
0
27.1398250436783
107.614448699951
188.08910068512
263.07952255249
327.475268707275
376.887835845947
407.949903259277
418.544596405029
407.949903259277
376.887835845947
327.475268707275
263.07952255249
188.08910068512
107.614448699951
27.1398250436783
0
0
0
0
0
0
0
0
0
28.1519794368744
113.470528259277
198.789107589722
278.29334236145
346.565213623047
398.952018432617
431.883758087158
443.116156463623
431.883758087158
398.952018432617
346.565213623047
278.29334236145
198.789107589722
113.470528259277
28.1519794368744
0
0
0
0
0
0
0
0
0
28.5572940206528
117.171589508057
205.785926399231
288.361309814453
359.270400772095
413.680882415772
447.884720230103
459.55103012085
447.884720230103
413.680882415772
359.270400772095
288.361309814453
205.785926399231
117.171589508057
28.5572940206528
0
0
0
0
0
0
0
0
0
28.1038399267197
117.5614909935
207.01918346405
290.380436592102
361.964417724609
416.892699279785
451.42208404541
463.199408340454
451.42208404541
416.892699279785
361.964417724609
290.380436592102
207.01918346405
117.5614909935
28.1038399267197
0
0
0
0
0
0
0
0
0
27.2836290550232
116.548632736206
205.813680000305
288.995423812866
360.425208587647
415.23522354126
449.690238418579
461.442214889526
449.690238418579
415.23522354126
360.425208587647
288.995423812866
205.813680000305
116.548632736206
27.2836290550232
0
0
0
0
0
0
0
0
0
26.5108276796341
115.851480407715
205.192187614441
288.444413719177
359.934778747559
414.791200790405
449.275433654785
461.03734703064
449.275433654785
414.791200790405
359.934778747559
288.444413719177
205.192187614441
115.851480407715
26.5108276796341
0
0
0
0
0
0
0
0
0
23.3013730096817
104.367329673767
185.433332099915
260.974764060974
325.843663787842
375.619398651123
406.909631347656
417.582215881348
406.909631347656
375.619398651123
325.843663787842
260.974764060974
185.433332099915
104.367329673767
23.3013730096817
0
0
0
0
0
0
0
0
0
20.0125582075119
92.0651276016235
164.117712249756
231.260001487732
288.916451568604
333.157748794556
360.969018783569
370.45492767334
360.969018783569
333.157748794556
288.916451568604
231.260001487732
164.117712249756
92.0651276016235
20.0125582075119
0
0
0
0
0
0
0
0
0
19.6559322786331
93.0862927627564
166.516690292358
234.942879943848
293.70178604126
338.789079971313
367.132166137695
376.799484558106
367.132166137695
338.789079971313
293.70178604126
234.942879943848
166.516690292358
93.0862927627564
19.6559322786331
0
0
0
0
0
0
0
0
0
18.8845124816895
92.297006149292
165.709534683228
234.119075660706
292.863738861084
337.94004989624
366.276232528687
375.941180038452
366.276232528687
337.94004989624
292.863738861084
234.119075660706
165.709534683228
92.297006149292
18.8845124816895
0
0
0
0
0
0
0
0
0
21.0029058885574
106.232260093689
191.461651344299
270.882747344971
339.083212356567
391.415277023315
424.312603607178
435.533252029419
424.312603607178
391.415277023315
339.083212356567
270.882747344971
191.461651344299
106.232260093689
21.0029058885574
0
0
0
0
0
0
0
0
0
20.1066624403
105.573940143585
191.041250534058
270.684061546326
339.074914169312
391.553068771362
424.542198410034
435.794191665649
424.542198410034
391.553068771362
339.074914169312
270.684061546326
191.041250534058
105.573940143585
20.1066624403
0
0
0
0
0
0
0
0
0
17.8826534628868
97.8128251647949
177.743039360046
252.226086349487
316.186142807007
365.264446411133
396.116304702759
406.63934753418
396.116304702759
365.264446411133
316.186142807007
252.226086349487
177.743039360046
97.8128251647949
17.8826534628868
0
0
0
0
0
0
0
0
0
18.7925656032562
107.498352527618
196.204204826355
278.864818992615
349.847146682739
404.313763122559
438.55295539856
450.231294174194
438.55295539856
404.313763122559
349.847146682739
278.864818992615
196.204204826355
107.498352527618
18.7925656032562
0
0
0
0
0
0
0
0
0
16.9928439426422
102.112018356323
187.231231994629
266.549681510925
334.661986999512
386.926376113892
419.781200637817
430.987344665527
419.781200637817
386.926376113892
334.661986999512
266.549681510925
187.231231994629
102.112018356323
16.9928439426422
0
0
0
0
0
0
0
0
0
15.2799830341339
96.9543637466431
178.628783683777
254.737177085876
320.092950286865
370.242208175659
401.767335357666
412.520007858276
401.767335357666
370.242208175659
320.092950286865
254.737177085876
178.628783683777
96.9543637466431
15.2799830341339
0
0
0
0
0
0
0
0
0
14.5969319581985
98.388956451416
182.181000556946
260.262741241455
327.313070526123
378.762563705444
411.105097198486
422.136526031494
411.105097198486
378.762563705444
327.313070526123
260.262741241455
182.181000556946
98.388956451416
14.5969319581985
0
0
0
0
0
0
0
0
0
14.1907544326782
102.329723739624
190.468745346069
272.601169433594
343.129903564453
397.248554000855
431.268890304565
442.872649993897
431.268890304565
397.248554000855
343.129903564453
272.601169433594
190.468745346069
102.329723739624
14.1907544326782
0
0
0
0
0
0
0
0
0
12.0499811983109
93.7505399894714
175.451118392944
251.583918228149
316.960628662109
367.12595993042
398.661233215332
409.417322616577
398.661233215332
367.12595993042
316.960628662109
251.583918228149
175.451118392944
93.7505399894714
12.0499811983109
0
0
0
0
0
0
0
0
0
12.0557657408714
102.247456626892
192.439181289673
276.484442138672
348.655764083862
404.03476272583
438.847471313477
450.721445083618
438.847471313477
404.03476272583
348.655764083862
276.484442138672
192.439181289673
102.247456626892
12.0557657408714
0
0
0
0
0
0
0
0
0
10.6867522501945
100.080383281708
189.474043731689
272.775640563965
344.308350753784
399.197372817993
433.702002487183
445.470923995972
433.702002487183
399.197372817993
344.308350753784
272.775640563965
189.474043731689
100.080383281708
10.6867522501945
0
0
0
0
0
0
0
0
0
9.55414557218552
100.430868377686
191.307629318237
275.99124042511
348.710748291016
404.510339508057
439.587474365234
451.551612472534
439.587474365234
404.510339508057
348.710748291016
275.99124042511
191.307629318237
100.430868377686
9.55414557218552
0
0
0
0
0
0
0
0
0
8.18860019207001
98.7372101020813
189.285870132446
273.663720932007
346.120667877197
401.718836288452
436.66926689148
448.590240478516
436.66926689148
401.718836288452
346.120667877197
273.663720932007
189.285870132446
98.7372101020813
8.18860019207001
0
0
0
0
0
0
0
0
0
6.74928255438805
96.197607421875
185.645964431763
268.998535842896
340.57500328064
395.497601623535
430.023360290527
441.799464263916
430.023360290527
395.497601623535
340.57500328064
268.998535842896
185.645964431763
96.197607421875
6.74928255438805
0
0
0
0
0
0
0
0
0
5.50886154770851
97.0111522865296
188.513476257324
273.780035018921
347.000101394653
403.183815002441
438.502399215698
450.548926467896
438.502399215698
403.183815002441
347.000101394653
273.780035018921
188.513476257324
97.0111522865296
5.50886154770851
0
0
0
0
0
0
0
0
0
3.59971816599369
84.1488835906982
164.698079795837
239.75795539856
304.213322982788
353.671704483032
384.762501754761
395.367027206421
384.762501754761
353.671704483032
304.213322982788
239.75795539856
164.698079795837
84.1488835906982
3.59971816599369
0
0
0
0
0
0
0
0
0
1.92032158255577
68.3288123416901
134.737335243225
196.620195045471
249.760234680176
290.536010169983
316.168744506836
324.911582107544
316.168744506836
290.536010169983
249.760234680176
196.620195045471
134.737335243225
68.3288123416901
1.92032158255577
0
0
0
0
0
0
0
0
0
0.909696473032236
71.4680854415894
142.026508255005
207.776462783813
264.237224273682
307.561118545532
334.795629653931
344.084822692871
334.795629653931
307.561118545532
264.237224273682
207.776462783813
142.026508255005
71.4680854415894
0.909696473032236
0
0
0
0
0
0
0
0
0
0
87.9995824241638
176.297202262878
258.577459602356
329.233159484863
383.449156723022
417.530753173828
429.155362930298
417.530753173828
383.449156723022
329.233159484863
258.577459602356
176.297202262878
87.9995824241638
0
0
0
0
0
0
0
0
0
0
0
87.5649474334717
176.906073036194
260.15870010376
331.649396362305
386.506132202148
420.99050453186
432.752487640381
420.99050453186
386.506132202148
331.649396362305
260.15870010376
176.906073036194
87.5649474334717
0
0
0
0
0
0
0
0
0
0
0
87.4936283493042
178.312720375061
262.942602462769
335.615964736939
391.380166625977
426.435021896362
438.391594009399
426.435021896362
391.380166625977
335.615964736939
262.942602462769
178.312720375061
87.4936283493042
0
0
0
0
0
0
0
0
0
0
0
87.3815592384338
179.709709739685
265.745803337097
339.626708755493
396.31755317688
431.954815673828
444.110056152344
431.954815673828
396.31755317688
339.626708755493
265.745803337097
179.709709739685
87.3815592384338
0
0
0
0
0
0
0
0
0
0
0
85.5040595054626
177.51843044281
263.262152404785
336.891933059692
393.390106124878
428.906312713623
441.020236587524
428.906312713623
393.390106124878
336.891933059692
263.262152404785
177.51843044281
85.5040595054626
0
0
0
0
0
0
0
0
0
0
0
83.9382822227478
175.990151901245
261.768809928894
335.428627929688
391.949812774658
427.480523757935
439.59936378479
427.480523757935
391.949812774658
335.428627929688
261.768809928894
175.990151901245
83.9382822227478
0
0
0
0
0
0
0
0
0
0
0
82.3775256919861
174.495013809204
260.334827384949
334.047154083252
390.608574676514
426.164633483887
438.292155227661
426.164633483887
390.608574676514
334.047154083252
260.334827384949
174.495013809204
82.3775256919861
0
0
0
0
0
0
0
0
0
0
0
72.652969827652
155.545214118958
232.788454360962
299.118724136353
350.015760269165
382.010955352783
392.923943252564
382.010955352783
350.015760269165
299.118724136353
232.788454360962
155.545214118958
72.652969827652
0
0
0
0
0
0
0
0
0
0
0
46.0337231063843
99.6553539657593
149.622731628418
192.530687980652
225.455158004761
246.15230140686
253.211740150452
246.15230140686
225.455158004761
192.530687980652
149.622731628418
99.6553539657593
46.0337231063843
0
0
0
0
0
0
0
0
0
0
0
53.5751540374756
117.330597419739
176.741172714233
227.758218765259
266.904986877441
291.513644714356
299.907226257324
291.513644714356
266.904986877441
227.758218765259
176.741172714233
117.330597419739
53.5751540374756
0
0
0
0
0
0
0
0
0
0
0
65.7740079402924
145.793562755585
220.359861831665
284.39144657135
333.524612350464
364.410988311768
374.945781097412
364.410988311768
333.524612350464
284.39144657135
220.359861831665
145.793562755585
65.7740079402924
0
0
0
0
0
0
0
0
0
0
0
66.6092658138275
149.513199043274
226.76735244751
293.10700126648
344.011184997559
376.010912704468
386.9254347229
376.010912704468
344.011184997559
293.10700126648
226.76735244751
149.513199043274
66.6092658138275
0
0
0
0
0
0
0
0
0
0
0
67.5373378658295
153.598539581299
233.7947838974
302.660864639282
355.503651351929
388.722027130127
400.052190704346
388.722027130127
355.503651351929
302.660864639282
233.7947838974
153.598539581299
67.5373378658295
0
0
0
0
0
0
0
0
0
0
0
71.0782841968536
163.88123134613
250.359778709412
324.620622558594
381.602949523926
417.423539199829
429.641295013428
417.423539199829
381.602949523926
324.620622558594
250.359778709412
163.88123134613
71.0782841968536
0
0
0
0
0
0
0
0
0
0
0
68.9663606739044
161.303912010193
247.348774490356
321.237228469849
377.933756103516
413.574749298096
425.731210098267
413.574749298096
377.933756103516
321.237228469849
247.348774490356
161.303912010193
68.9663606739044
0
0
0
0
0
0
0
0
0
0
0
59.5420475196838
141.360753059387
217.603625907898
283.074893836975
333.312729644775
364.893573226929
375.665213012695
364.893573226929
333.312729644775
283.074893836975
217.603625907898
141.360753059387
59.5420475196838
0
0
0
0
0
0
0
0
0
0
0
64.2181021881104
154.867586936951
239.339385070801
311.877012710571
367.537068862915
402.526480026245
414.460702819824
402.526480026245
367.537068862915
311.877012710571
239.339385070801
154.867586936951
64.2181021881104
0
0
0
0
0
0
0
0
0
0
0
63.5975555515289
155.905505371094
241.922771148682
315.787481155396
372.465878295898
408.095400466919
420.247991104126
408.095400466919
372.465878295898
315.787481155396
241.922771148682
155.905505371094
63.5975555515289
0
0
0
0
0
0
0
0
0
0
0
61.3176678276062
152.920633468628
238.281000099182
311.581625137329
367.827121887207
403.184547195435
415.244323654175
403.184547195435
367.827121887207
311.581625137329
238.281000099182
152.920633468628
61.3176678276062
0
0
0
0
0
0
0
0
0
0
0
60.0385528182983
152.452797012329
238.569118041992
312.518901901245
369.262568817139
404.933128662109
417.099700698853
404.933128662109
369.262568817139
312.518901901245
238.569118041992
152.452797012329
60.0385528182983
0
0
0
0
0
0
0
0
0
0
0
58.1888938522339
150.578034286499
236.670942573547
310.600660858154
367.328916854858
402.989783859253
415.153078460693
402.989783859253
367.328916854858
310.600660858154
236.670942573547
150.578034286499
58.1888938522339
0
0
0
0
0
0
0
0
0
0
0
56.4111989974976
148.910081214905
235.105269889832
309.122781600952
365.918399353027
401.621628952026
413.799323348999
401.621628952026
365.918399353027
309.122781600952
235.105269889832
148.910081214905
56.4111989974976
0
0
0
0
0
0
0
0
0
0
0
54.1911767673492
146.075465774536
231.697957496643
305.223714447022
361.64193901062
397.107972946167
409.204777450562
397.107972946167
361.64193901062
305.223714447022
231.697957496643
146.075465774536
54.1911767673492
0
0
0
0
0
0
0
0
0
0
0
52.0989396476746
143.5675740242
228.80272693634
301.995859069824
358.158862075806
393.464441146851
405.506540374756
393.464441146851
358.158862075806
301.995859069824
228.80272693634
143.5675740242
52.0989396476746
0
0
0
0
0
0
0
0
0
0
0
50.6082077884674
142.743647708893
228.600188407898
302.3268800354
358.899353256226
394.462315597534
406.59217338562
394.462315597534
358.899353256226
302.3268800354
228.600188407898
142.743647708893
50.6082077884674
0
0
0
0
0
0
0
0
0
0
0
48.5041466236115
140.216178512573
225.678145637512
299.066041107178
355.378516082764
390.778025054932
402.852131576538
390.778025054932
355.378516082764
299.066041107178
225.678145637512
140.216178512573
48.5041466236115
0
0
0
0
0
0
0
0
0
0
0
36.8079606437683
109.211902046204
176.681586151123
234.61914604187
279.076196136475
307.023061294556
316.555237808228
307.023061294556
279.076196136475
234.61914604187
176.681586151123
109.211902046204
36.8079606437683
0
0
0
0
0
0
0
0
0
0
0
42.9619337940216
131.040266189575
213.116154518127
283.596319847107
337.677680740356
371.674656600952
383.270362167358
371.674656600952
337.677680740356
283.596319847107
213.116154518127
131.040266189575
42.9619337940216
0
0
0
0
0
0
0
0
0
0
0
42.9150298595428
134.794664211273
220.412806358337
293.934832611084
350.350233001709
385.814419021606
397.910595932007
385.814419021606
350.350233001709
293.934832611084
220.412806358337
134.794664211273
42.9150298595428
0
0
0
0
0
0
0
0
0
0
0
41.1798675727844
133.449207286835
219.430482292175
293.264318161011
349.919006195068
385.533640441895
397.681105728149
385.533640441895
349.919006195068
293.264318161011
219.430482292175
133.449207286835
41.1798675727844
0
0
0
0
0
0
0
0
0
0
0
38.9951867294312
130.653799037933
216.06598575592
289.411100234985
345.690800857544
381.069703826904
393.136767349243
381.069703826904
345.690800857544
289.411100234985
216.06598575592
130.653799037933
38.9951867294312
0
0
0
0
0
0
0
0
0
0
0
37.2671633243561
129.398889980316
215.251961479187
288.975689468384
345.54586151123
381.107429199219
393.23676399231
381.107429199219
345.54586151123
288.975689468384
215.251961479187
129.398889980316
37.2671633243561
0
0
0
0
0
0
0
0
0
0
0
35.1144832372665
126.681930980682
212.009165878296
285.281374855042
341.505062713623
376.848785552979
388.903855056763
376.848785552979
341.505062713623
285.281374855042
212.009165878296
126.681930980682
35.1144832372665
0
0
0
0
0
0
0
0
0
0
0
33.2327908277512
124.936548500061
210.390810165405
283.772046165466
340.079482955933
375.475784225464
387.548809890747
375.475784225464
340.079482955933
283.772046165466
210.390810165405
124.936548500061
33.2327908277512
0
0
0
0
0
0
0
0
0
0
0
31.2809996557236
122.950780086517
208.373356971741
281.727397232056
338.013931655884
373.397158050537
385.465720825195
373.397158050537
338.013931655884
281.727397232056
208.373356971741
122.950780086517
31.2809996557236
0
0
0
0
0
0
0
0
0
0
0
29.2426920366287
120.62228433609
205.774455375671
278.896303291321
335.004653320313
370.275889053345
382.306238327026
370.275889053345
335.004653320313
278.896303291321
205.774455375671
120.62228433609
29.2426920366287
0
0
0
0
0
0
0
0
0
0
0
27.3291317987442
118.813680477142
204.063669013977
277.269492492676
333.442327804565
368.754008483887
380.798199691772
368.754008483887
333.442327804565
277.269492492676
204.063669013977
118.813680477142
27.3291317987442
0
0
0
0
0
0
0
0
0
0
0
24.4365423631668
112.53193529129
194.623731384277
265.117581748962
319.209402542114
353.212933273315
364.810905151367
353.212933273315
319.209402542114
265.117581748962
194.623731384277
112.53193529129
24.4365423631668
0
0
0
0
0
0
0
0
0
0
0
22.5747717046738
110.760856323242
192.937159690857
263.503584327698
317.651086654663
351.689623184204
363.299554214478
351.689623184204
317.651086654663
263.503584327698
192.937159690857
110.760856323242
22.5747717046738
0
0
0
0
0
0
0
0
0
0
0
21.2656847238541
111.934901638031
196.425117912293
268.978522567749
324.65071220398
359.647724227905
371.58456199646
359.647724227905
324.65071220398
268.978522567749
196.425117912293
111.934901638031
21.2656847238541
0
0
0
0
0
0
0
0
0
0
0
19.3851581573486
110.376367835999
195.166635055542
267.977719345093
323.847601089478
358.968911590576
370.948111953735
358.968911590576
323.847601089478
267.977719345093
195.166635055542
110.376367835999
19.3851581573486
0
0
0
0
0
0
0
0
0
0
0
17.4054957103729
108.294943637848
192.990383148193
265.720019683838
321.527455825806
356.609437103271
368.575283660889
356.609437103271
321.527455825806
265.720019683838
192.990383148193
108.294943637848
17.4054957103729
0
0
0
0
0
0
0
0
0
0
0
15.4588146352768
106.437561779022
191.216209793091
264.017322311401
319.879568328857
354.996032409668
366.973628921509
354.996032409668
319.879568328857
264.017322311401
191.216209793091
106.437561779022
15.4588146352768
0
0
0
0
0
0
0
0
0
0
0
13.4344350266457
104.028080253601
188.447857818604
260.940821685791
316.566569366455
351.534433135986
363.461299133301
351.534433135986
316.566569366455
260.940821685791
188.447857818604
104.028080253601
13.4344350266457
0
0
0
0
0
0
0
0
0
0
0
11.5087587380409
102.390277843475
187.078325691223
259.801633987427
315.60415397644
350.683136749268
362.647902450562
350.683136749268
315.60415397644
259.801633987427
187.078325691223
102.390277843475
11.5087587380409
0
0
0
0
0
0
0
0
0
0
0
9.358681640625
98.5379925918579
181.639840202332
253.001025466919
307.75839225769
342.180284118652
353.920998764038
342.180284118652
307.75839225769
253.001025466919
181.639840202332
98.5379925918579
9.358681640625
0
0
0
0
0
0
0
0
0
0
0
7.17119623661041
93.3419152832031
173.640195922852
242.593913192749
295.503957061768
328.764625701904
340.109189071655
328.764625701904
295.503957061768
242.593913192749
173.640195922852
93.3419152832031
7.17119623661041
0
0
0
0
0
0
0
0
0
0
0
5.59147732377052
96.5499578666687
181.309725761414
254.094608001709
309.944406738281
345.053060760498
357.027972564697
345.053060760498
309.944406738281
254.094608001709
181.309725761414
96.5499578666687
5.59147732377052
0
0
0
0
0
0
0
0
0
0
0
3.58661278307438
93.9261617088318
178.109170722961
250.398776702881
305.868532409668
340.738317184448
352.631711502075
340.738317184448
305.868532409668
250.398776702881
178.109170722961
93.9261617088318
3.58661278307438
0
0
0
0
0
0
0
0
0
0
0
1.16988450825214
66.4907377147675
127.360046291351
179.629726371765
219.737654685974
244.95056350708
253.550222511292
244.95056350708
219.737654685974
179.629726371765
127.360046291351
66.4907377147675
1.16988450825214
0
0
0
0
0
0
0
0
0
0
0
0
56.9131478023529
110.155358867645
155.875502891541
190.957780532837
213.011450920105
220.533531036377
213.011450920105
190.957780532837
155.875502891541
110.155358867645
56.9131478023529
0
0
0
0
0
0
0
0
0
0
0
0
0
80.741510181427
157.966977310181
224.282010498047
275.167296676636
307.155134963989
318.065612487793
307.155134963989
275.167296676636
224.282010498047
157.966977310181
80.741510181427
0
0
0
0
0
0
0
0
0
0
0
0
0
85.8679158401489
169.879251747131
242.021425437927
297.378092193604
332.176714782715
344.045911865234
332.176714782715
297.378092193604
242.021425437927
169.879251747131
85.8679158401489
0
0
0
0
0
0
0
0
0
0
0
0
0
79.8126013374329
159.732259750366
228.360883331299
281.02144115448
314.125263595581
325.416342010498
314.125263595581
281.02144115448
228.360883331299
159.732259750366
79.8126013374329
0
0
0
0
0
0
0
0
0
0
0
0
0
82.3097891235352
166.711383895874
239.188710212708
294.802481307983
329.762779083252
341.687099838257
329.762779083252
294.802481307983
239.188710212708
166.711383895874
82.3097891235352
0
0
0
0
0
0
0
0
0
0
0
0
0
78.3407190895081
160.651161956787
231.332784957886
285.568690872192
319.662804336548
331.291702651978
319.662804336548
285.568690872192
231.332784957886
160.651161956787
78.3407190895081
0
0
0
0
0
0
0
0
0
0
0
0
0
78.2873910331726
162.618930625916
235.036095085144
290.603738021851
325.534992141724
337.449410858154
325.534992141724
290.603738021851
235.036095085144
162.618930625916
78.2873910331726
0
0
0
0
0
0
0
0
0
0
0
0
0
59.7357169246674
125.749910316467
182.437599334717
225.935598640442
253.279572601318
262.60610748291
253.279572601318
225.935598640442
182.437599334717
125.749910316467
59.7357169246674
0
0
0
0
0
0
0
0
0
0
0
0
0
68.6438122272492
146.5184948349
213.391005821228
264.704101905823
296.960881652832
307.963057632446
296.960881652832
264.704101905823
213.391005821228
146.5184948349
68.6438122272492
0
0
0
0
0
0
0
0
0
0
0
0
0
71.9319732856751
155.763773727417
227.751768493652
282.990116348267
317.714403915405
329.558183441162
317.714403915405
282.990116348267
227.751768493652
155.763773727417
71.9319732856751
0
0
0
0
0
0
0
0
0
0
0
0
0
61.82585770607
135.899403972626
199.507842178345
248.316297798157
278.998566246033
289.463730964661
278.998566246033
248.316297798157
199.507842178345
135.899403972626
61.82585770607
0
0
0
0
0
0
0
0
0
0
0
0
0
67.2394006919861
150.120082435608
221.291368217468
275.903011169434
310.233344039917
321.942748718262
310.233344039917
275.903011169434
221.291368217468
150.120082435608
67.2394006919861
0
0
0
0
0
0
0
0
0
0
0
0
0
65.277594165802
148.124699630737
219.2671509552
273.856671218872
308.173057556152
319.877755279541
308.173057556152
273.856671218872
219.2671509552
148.124699630737
65.277594165802
0
0
0
0
0
0
0
0
0
0
0
0
0
62.9728162384033
145.332490367889
216.056380081177
270.324711685181
304.439221954346
316.075058670044
304.439221954346
270.324711685181
216.056380081177
145.332490367889
62.9728162384033
0
0
0
0
0
0
0
0
0
0
0
0
0
60.8366257476807
142.901923427582
213.373014793396
267.447367553711
301.439950256348
313.034191436768
301.439950256348
267.447367553711
213.373014793396
142.901923427582
60.8366257476807
0
0
0
0
0
0
0
0
0
0
0
0
0
58.8166578197479
140.72595916748
211.063120231628
265.03466960907
298.962627563477
310.534833221436
298.962627563477
265.03466960907
211.063120231628
140.72595916748
58.8166578197479
0
0
0
0
0
0
0
0
0
0
0
0
0
33.4851903915405
81.6748819160461
123.056329193115
154.80944732666
174.770266075134
181.578545188904
174.770266075134
154.80944732666
123.056329193115
81.6748819160461
33.4851903915405
0
0
0
0
0
0
0
0
0
0
0
0
0
31.6600468158722
78.7941993331909
119.269235267639
150.326804924011
169.850417289734
176.509555664063
169.850417289734
150.326804924011
119.269235267639
78.7941993331909
31.6600468158722
0
0
0
0
0
0
0
0
0
0
0
0
0
43.5980308151245
110.817662296295
168.54048915863
212.832778396606
240.676073112488
250.17289516449
240.676073112488
212.832778396606
168.54048915863
110.817662296295
43.5980308151245
0
0
0
0
0
0
0
0
0
0
0
0
0
31.8368888568878
82.7321773147583
126.436977558136
159.97283744812
181.054364738464
188.244883460999
181.054364738464
159.97283744812
126.436977558136
82.7321773147583
31.8368888568878
0
0
0
0
0
0
0
0
0
0
0
0
0
35.3085666799545
93.9077174186707
144.227968521118
182.840043983459
207.112607803345
215.391548843384
207.112607803345
182.840043983459
144.227968521118
93.9077174186707
35.3085666799545
0
0
0
0
0
0
0
0
0
0
0
0
0
40.8050719261169
111.205192871094
171.659195480347
218.047143096924
247.207827339172
257.154006690979
247.207827339172
218.047143096924
171.659195480347
111.205192871094
40.8050719261169
0
0
0
0
0
0
0
0
0
0
0
0
0
38.8664907360077
108.674646720886
168.620280761719
214.618196144104
243.533682899475
253.396235351563
243.533682899475
214.618196144104
168.620280761719
108.674646720886
38.8664907360077
0
0
0
0
0
0
0
0
0
0
0
0
0
19.2920606899261
55.4207249259949
86.4451279830933
110.250988502502
125.215984725952
130.320258979797
125.215984725952
110.250988502502
86.4451279830933
55.4207249259949
19.2920606899261
0
0
0
0
0
0
0
0
0
0
0
0
0
21.5459098005295
63.6866782569885
99.8737915420532
127.64113866806
145.09642786026
151.050107002258
145.09642786026
127.64113866806
99.8737915420532
63.6866782569885
21.5459098005295
0
0
0
0
0
0
0
0
0
0
0
0
0
37.1806991767883
113.265496788025
178.601012649536
228.734737586975
260.250084762573
270.999410095215
260.250084762573
228.734737586975
178.601012649536
113.265496788025
37.1806991767883
0
0
0
0
0
0
0
0
0
0
0
0
0
37.3970796394348
117.621112422943
186.511085319519
239.372211723328
272.602110824585
283.936196861267
272.602110824585
239.372211723328
186.511085319519
117.621112422943
37.3970796394348
0
0
0
0
0
0
0
0
0
0
0
0
0
35.6070791482925
115.850016021729
184.756210479736
237.629801597595
270.867510757446
282.20428150177
270.867510757446
237.629801597595
184.756210479736
115.850016021729
35.6070791482925
0
0
0
0
0
0
0
0
0
0
0
0
0
33.6525989103317
113.506083202362
182.077848510742
234.694805984497
267.771188621521
279.052975158691
267.771188621521
234.694805984497
182.077848510742
113.506083202362
33.6525989103317
0
0
0
0
0
0
0
0
0
0
0
0
0
29.5283213949204
103.491644287109
167.005411682129
215.741223297119
246.377851715088
256.827431182861
246.377851715088
215.741223297119
167.005411682129
103.491644287109
29.5283213949204
0
0
0
0
0
0
0
0
0
0
0
0
0
25.783529047966
94.1481207847595
152.854160804749
197.900870323181
226.218451766968
235.877036170959
226.218451766968
197.900870323181
152.854160804749
94.1481207847595
25.783529047966
0
0
0
0
0
0
0
0
0
0
0
0
0
19.390619096756
73.9828720092773
120.862330322266
156.834187583923
179.447044219971
187.159878044128
179.447044219971
156.834187583923
120.862330322266
73.9828720092773
19.390619096756
0
0
0
0
0
0
0
0
0
0
0
0
0
25.8623334980011
103.442238693237
170.061654968262
221.180493278503
253.315171127319
264.275699272156
253.315171127319
221.180493278503
170.061654968262
103.442238693237
25.8623334980011
0
0
0
0
0
0
0
0
0
0
0
0
0
17.7691657280922
74.7809100723267
123.738035736084
161.304138641357
184.919193153381
192.973856506348
184.919193153381
161.304138641357
123.738035736084
74.7809100723267
17.7691657280922
0
0
0
0
0
0
0
0
0
0
0
0
0
20.6073625946045
91.6346155548096
152.627111244202
199.42832950592
228.848750495911
238.88352519989
228.848750495911
199.42832950592
152.627111244202
91.6346155548096
20.6073625946045
0
0
0
0
0
0
0
0
0
0
0
0
0
19.8769303512573
93.8392573738098
157.35219669342
206.087345848084
236.723573303223
247.173013305664
236.723573303223
206.087345848084
157.35219669342
93.8392573738098
19.8769303512573
0
0
0
0
0
0
0
0
0
0
0
0
0
17.8791657400131
90.1142952537537
152.144020767212
199.741097946167
229.661868247986
239.867296218872
229.661868247986
199.741097946167
152.144020767212
90.1142952537537
17.8791657400131
0
0
0
0
0
0
0
0
0
0
0
0
0
15.7727946805954
85.4247996139526
145.23634645462
191.131380004883
219.982207145691
229.822671775818
219.982207145691
191.131380004883
145.23634645462
85.4247996139526
15.7727946805954
0
0
0
0
0
0
0
0
0
0
0
0
0
15.000450925827
87.972430267334
150.634918708801
198.717527008057
228.943517189026
239.25307346344
228.943517189026
198.717527008057
150.634918708801
87.972430267334
15.000450925827
0
0
0
0
0
0
0
0
0
0
0
0
0
14.4784703230858
92.7993602752686
160.055052261353
211.662176132202
244.103747444153
255.168979187012
244.103747444153
211.662176132202
160.055052261353
92.7993602752686
14.4784703230858
0
0
0
0
0
0
0
0
0
0
0
0
0
12.2958128166199
87.111231842041
151.356721534729
200.654003143311
231.643548583984
242.213556365967
231.643548583984
200.654003143311
151.356721534729
87.111231842041
12.2958128166199
0
0
0
0
0
0
0
0
0
0
0
0
0
4.69988689661026
37.3299793815613
65.3500943470001
86.8506670188904
100.366505126953
104.976505527496
100.366505126953
86.8506670188904
65.3500943470001
37.3299793815613
4.69988689661026
0
0
0
0
0
0
0
0
0
0
0
0
0
5.79548132777214
52.559358291626
92.7164219856262
123.530014476776
142.900267276764
149.507080001831
142.900267276764
123.530014476776
92.7164219856262
52.559358291626
5.79548132777214
0
0
0
0
0
0
0
0
0
0
0
0
0
7.15977805733681
75.9757357215881
135.069367332459
180.413486671448
208.918003959656
218.640376319885
208.918003959656
180.413486671448
135.069367332459
75.9757357215881
7.15977805733681
0
0
0
0
0
0
0
0
0
0
0
0
0
5.82410822153091
74.8472955703735
134.118876228333
179.599549560547
208.18990776062
217.94155040741
208.18990776062
179.599549560547
134.118876228333
74.8472955703735
5.82410822153091
0
0
0
0
0
0
0
0
0
0
0
0
0
4.5137483471632
74.0108086585999
133.689314289093
179.482224349976
208.268862571716
218.087448577881
208.268862571716
179.482224349976
133.689314289093
74.0108086585999
4.5137483471632
0
0
0
0
0
0
0
0
0
0
0
0
0
3.47752556085587
79.4692638397217
144.724874782562
194.797261123657
226.274098434448
237.010226860046
226.274098434448
194.797261123657
144.724874782562
79.4692638397217
3.47752556085587
0
0
0
0
0
0
0
0
0
0
0
0
0
2.05548909425735
78.6770833206177
144.473558254242
194.960975990295
226.698683204651
237.523825378418
226.698683204651
194.960975990295
144.473558254242
78.6770833206177
2.05548909425735
0
0
0
0
0
0
0
0
0
0
0
0
0
0.443093855902553
54.7962035274506
101.470294780731
137.28457365036
159.798383750916
167.477414665222
159.798383750916
137.28457365036
101.470294780731
54.7962035274506
0.443093855902553
0
0
0
0
0
0
0
0
0
0
0
0
0
0
55.3832697677612
103.434611682892
140.305715255737
163.483824882507
171.389486961365
163.483824882507
140.305715255737
103.434611682892
55.3832697677612
0
0
0
0
0
0
0
0
0
0
0
0
0
0
0
71.0185668849945
133.784726009369
181.946907997131
212.2229139328
222.549502410889
212.2229139328
181.946907997131
133.784726009369
71.0185668849945
0
0
0
0
0
0
0
0
0
0
0
0
0
0
0
69.8898565196991
132.813550453186
181.096605300903
211.44856754303
221.801079139709
211.44856754303
181.096605300903
132.813550453186
69.8898565196991
0
0
0
0
0
0
0
0
0
0
0
0
0
0
0
63.8989706420899
122.506539421082
167.477711029053
195.74776966095
205.390176086426
195.74776966095
167.477711029053
122.506539421082
63.8989706420899
0
0
0
0
0
0
0
0
0
0
0
0
0
0
0
31.992214012146
61.8853396701813
84.8231374549866
99.242440700531
104.160598468781
99.242440700531
84.8231374549866
61.8853396701813
31.992214012146
0
0
0
0
0
0
0
0
0
0
0
0
0
0
0
27.1864783763885
53.0654169654846
72.923027009964
85.4060415267944
89.66376121521
85.4060415267944
72.923027009964
53.0654169654846
27.1864783763885
0
0
0
0
0
0
0
0
0
0
0
0
0
0
0
29.3307970809937
57.7738537406921
79.5989840316772
93.318833770752
97.9984099388123
93.318833770752
79.5989840316772
57.7738537406921
29.3307970809937
0
0
0
0
0
0
0
0
0
0
0
0
0
0
0
44.9712282657623
89.3964759063721
123.485167655945
144.914216403961
152.223254508972
144.914216403961
123.485167655945
89.3964759063721
44.9712282657623
0
0
0
0
0
0
0
0
0
0
0
0
0
0
0
49.2068209075928
98.7221042633057
136.716487770081
160.600762672424
168.747246513367
160.600762672424
136.716487770081
98.7221042633057
49.2068209075928
0
0
0
0
0
0
0
0
0
0
0
0
0
0
0
53.2312543201447
107.790114002228
149.654599456787
175.971707611084
184.947992744446
175.971707611084
149.654599456787
107.790114002228
53.2312543201447
0
0
0
0
0
0
0
0
0
0
0
0
0
0
0
59.5377284526825
121.686422252655
169.374788208008
199.352948493958
209.577936477661
199.352948493958
169.374788208008
121.686422252655
59.5377284526825
0
0
0
0
0
0
0
0
0
0
0
0
0
0
0
58.705608549118
121.108800430298
168.992426567078
199.093333778381
209.360213661194
199.093333778381
168.992426567078
121.108800430298
58.705608549118
0
0
0
0
0
0
0
0
0
0
0
0
0
0
0
57.0339378547668
118.762060871124
166.127721481323
195.902994575501
206.058807754517
195.902994575501
166.127721481323
118.762060871124
57.0339378547668
0
0
0
0
0
0
0
0
0
0
0
0
0
0
0
48.0662690639496
101.024912242889
141.661492614746
167.20671245575
175.919721908569
167.20671245575
141.661492614746
101.024912242889
48.0662690639496
0
0
0
0
0
0
0
0
0
0
0
0
0
0
0
54.6215101242065
115.873245716095
162.873332824707
192.418836784363
202.496253013611
192.418836784363
162.873332824707
115.873245716095
54.6215101242065
0
0
0
0
0
0
0
0
0
0
0
0
0
0
0
53.294336233139
114.106891136169
160.770003852844
190.103659973145
200.1088331604
190.103659973145
160.770003852844
114.106891136169
53.294336233139
0
0
0
0
0
0
0
0
0
0
0
0
0
0
0
51.6441693496704
111.592549114227
157.592530326843
186.509359436035
196.372347717285
186.509359436035
157.592530326843
111.592549114227
51.6441693496704
0
0
0
0
0
0
0
0
0
0
0
0
0
0
0
50.2214660644531
109.508780155182
155.001543388367
183.599485015869
193.353707771301
183.599485015869
155.001543388367
109.508780155182
50.2214660644531
0
0
0
0
0
0
0
0
0
0
0
0
0
0
0
49.1053947448731
108.040829086304
153.263561286926
181.691773605347
191.388118247986
181.691773605347
153.263561286926
108.040829086304
49.1053947448731
0
0
0
0
0
0
0
0
0
0
0
0
0
0
0
48.6190224742889
107.921420612335
153.425742034912
182.030970726013
191.787668991089
182.030970726013
153.425742034912
107.921420612335
48.6190224742889
0
0
0
0
0
0
0
0
0
0
0
0
0
0
0
47.7510556221008
106.920390758514
152.322606124878
180.863628463745
190.598465538025
180.863628463745
152.322606124878
106.920390758514
47.7510556221008
0
0
0
0
0
0
0
0
0
0
0
0
0
0
0
46.1789326667786
104.284740047455
148.870908889771
176.898908004761
186.458750953674
176.898908004761
148.870908889771
104.284740047455
46.1789326667786
0
0
0
0
0
0
0
0
0
0
0
0
0
0
0
45.9554351139069
104.64653055191
149.6817603302
177.992124443054
187.648250770569
177.992124443054
149.6817603302
104.64653055191
45.9554351139069
0
0
0
0
0
0
0
0
0
0
0
0
0
0
0
45.1197588443756
103.577842578888
148.434330101013
176.63228515625
186.250093383789
176.63228515625
148.434330101013
103.577842578888
45.1197588443756
0
0
0
0
0
0
0
0
0
0
0
0
0
0
0
44.5193300819397
103.00314081192
147.879380111694
176.089730148315
185.711774635315
176.089730148315
147.879380111694
103.00314081192
44.5193300819397
0
0
0
0
0
0
0
0
0
0
0
0
0
0
0
43.1750150299072
100.650116596222
144.752297153473
172.476096229553
181.932159538269
172.476096229553
144.752297153473
100.650116596222
43.1750150299072
0
0
0
0
0
0
0
0
0
0
0
0
0
0
0
32.2505626440048
75.7295881271362
109.092214641571
130.064828224182
137.21820558548
130.064828224182
109.092214641571
75.7295881271362
32.2505626440048
0
0
0
0
0
0
0
0
0
0
0
0
0
0
0
6.77150221467018
16.010870718956
23.1004862737656
27.5572033786774
29.0773079442978
27.5572033786774
23.1004862737656
16.010870718956
6.77150221467018
0
0
0
0
0
0
0
0
0
0
0
0
0
0
0
21.2105784845352
50.4809848976135
72.94094830513
87.0598824501038
91.8755854988098
87.0598824501038
72.94094830513
50.4809848976135
21.2105784845352
0
0
0
0
0
0
0
0
0
0
0
0
0
0
0
35.234615187645
84.376691493988
122.08474395752
145.789003982544
153.874105644226
145.789003982544
122.08474395752
84.376691493988
35.234615187645
0
0
0
0
0
0
0
0
0
0
0
0
0
0
0
33.6410472583771
81.0255487632752
117.384954032898
140.241439170837
148.037359466553
140.241439170837
117.384954032898
81.0255487632752
33.6410472583771
0
0
0
0
0
0
0
0
0
0
0
0
0
0
0
40.8048932361603
98.8041621780396
143.308569469452
171.285201759338
180.827506942749
171.285201759338
143.308569469452
98.8041621780396
40.8048932361603
0
0
0
0
0
0
0
0
0
0
0
0
0
0
0
40.1672097969055
97.7341841506958
141.906847000122
169.674952468872
179.146147766113
169.674952468872
141.906847000122
97.7341841506958
40.1672097969055
0
0
0
0
0
0
0
0
0
0
0
0
0
0
0
37.3658699131012
91.317419090271
132.715898571014
158.740051078796
167.616409301758
158.740051078796
132.715898571014
91.317419090271
37.3658699131012
0
0
0
0
0
0
0
0
0
0
0
0
0
0
0
38.5489281749725
94.575259513855
137.565770626068
164.590761222839
173.808460845947
164.590761222839
137.565770626068
94.575259513855
38.5489281749725
0
0
0
0
0
0
0
0
0
0
0
0
0
0
0
32.1453556632996
79.1308512115479
115.184077777863
137.848100757599
145.578376464844
137.848100757599
115.184077777863
79.1308512115479
32.1453556632996
0
0
0
0
0
0
0
0
0
0
0
0
0
0
0
32.2432014894486
79.5969705009461
115.932797412872
138.7744556427
146.565320320129
138.7744556427
115.932797412872
79.5969705009461
32.2432014894486
0
0
0
0
0
0
0
0
0
0
0
0
0
0
0
16.9524785351753
41.9454886627197
61.1232967376709
73.1789764022827
77.2909461021423
73.1789764022827
61.1232967376709
41.9454886627197
16.9524785351753
0
0
0
0
0
0
0
0
0
0
0
0
0
0
0
23.4465934658051
58.1143365573883
84.7158275985718
101.438226470947
107.141922721863
101.438226470947
84.7158275985718
58.1143365573883
23.4465934658051
0
0
0
0
0
0
0
0
0
0
0
0
0
0
0
30.8444971370697
76.539716091156
111.602869548798
133.644511051178
141.162494373322
133.644511051178
111.602869548798
76.539716091156
30.8444971370697
0
0
0
0
0
0
0
0
0
0
0
0
0
0
0
29.3591172599793
72.8969382762909
106.304677467346
127.305654811859
134.468698863983
127.305654811859
106.304677467346
72.8969382762909
29.3591172599793
0
0
0
0
0
0
0
0
0
0
0
0
0
0
0
32.1030279350281
79.7112884902954
116.242375583649
139.206798171997
147.039519882202
139.206798171997
116.242375583649
79.7112884902954
32.1030279350281
0
0
0
0
0
0
0
0
0
0
0
0
0
0
0
19.6934854984283
48.8713239765167
71.2602690219879
85.3345481109619
90.1350232887268
85.3345481109619
71.2602690219879
48.8713239765167
19.6934854984283
0
0
0
0
0
0
0
0
0
0
0
0
0
0
0
11.7244930839539
29.0626052474976
42.3666042327881
50.72985206604
53.582397518158
50.72985206604
42.3666042327881
29.0626052474976
11.7244930839539
0
0
0
0
0
0
0
0
0
0
0
0
0
0
0
29.3220238399506
72.559959526062
105.737593994141
126.593910923004
133.707627830505
126.593910923004
105.737593994141
72.559959526062
29.3220238399506
0
0
0
0
0
0
0
0
0
0
0
0
0
0
0
35.2629593372345
87.0645632553101
126.813316040039
151.800447921753
160.32308719635
151.800447921753
126.813316040039
87.0645632553101
35.2629593372345
0
0
0
0
0
0
0
0
0
0
0
0
0
0
0
37.5496154880524
92.4505313301086
134.577473106384
161.059586181641
170.092145576477
161.059586181641
134.577473106384
92.4505313301086
37.5496154880524
0
0
0
0
0
0
0
0
0
0
0
0
0
0
0
41.9615358924866
102.968466243744
149.780710983276
179.208122673035
189.245268287659
179.208122673035
149.780710983276
102.968466243744
41.9615358924866
0
0
0
0
0
0
0
0
0
0
0
0
0
0
0
43.9628677654266
107.463712825775
156.189596252441
186.819983596802
197.267436218262
186.819983596802
156.189596252441
107.463712825775
43.9628677654266
0
0
0
0
0
0
0
0
0
0
0
0
0
0
0
41.2236335372925
100.329058685303
145.682251987457
174.192443771362
183.916751213074
174.192443771362
145.682251987457
100.329058685303
41.2236335372925
0
0
0
0
0
0
0
0
0
0
0
0
0
0
0
29.4220488119125
71.2604215621948
103.364129390717
123.5453556633
130.428797874451
123.5453556633
103.364129390717
71.2604215621948
29.4220488119125
0
0
0
0
0
0
0
0
